#kmer	position	shift	statistics	p-value	corrected.p	frac.obs	frac.exp	obs/exp	local.r
CTG	1	0	2.80549	2.41065	-0	0.025	0.0123504	2.02422	2.02769
CTCT	2	0	3.86059	3.29227	-0	0.0133333	0.00372807	3.57647	3.59192
ACCT	3	0	3.70426	3.15222	-0	0.0133333	0.00390351	3.41573	3.42956
CGGA	4	0	4.15465	3.49544	-0	0.0116667	0.00276316	4.22222	4.24506
TTTC	5	0	3.13026	2.65866	-0	0.015	0.00552632	2.71429	2.72208
TTC	6	0	4.56471	4.57814	0.296565	0.0433333	0.0183333	2.36364	2.36903
CGNG	7	0	3.24534	2.81658	-0	0.02	0.00811404	2.46486	2.47091
CNTA	8	0	3.08865	2.71218	-0	0.0283333	0.0136842	2.07051	2.07422
GNAT	9	0	3.11976	2.76042	-0	0.0316667	0.0157895	2.00556	2.00893
CNTG	10	0	4.27121	4.08699	-0	0.0333333	0.0133333	2.5	2.50628
ATG	11	0	3.84648	3.63898	-0	0.04	0.0187179	2.13699	2.14105
TGC	12	0	4.48171	4.36578	0.084203	0.035	0.0137179	2.5514	2.55803
TNT	13	0	4.36859	4.69724	0.415657	0.113333	0.0683333	1.65854	1.66036
CGNA	14	0	4.45207	4.22403	-0	0.0283333	0.0101316	2.79654	2.80495
AAAA	15	0	3.68427	3.35341	-0	0.0283333	0.0119737	2.3663	2.37171
TGTG	16	0	4.59631	3.9482	-0	0.0133333	0.00302632	4.4058	4.43099
GNTG	17	0	5.99615	6.72509	2.44351	0.0516667	0.0185965	2.7783	2.78657
TTG	18	0	5.38363	5.82252	1.54094	0.0516667	0.0205128	2.51875	2.52515
TG	19	0	8.20107	12.5216	8.24004	0.148333	0.0655	2.26463	2.26942
G	20	0	6.48387	9.70352	5.42194	0.353333	0.240244	1.47073	1.47188
G	22	0	14.0328	44.3092	40.0277	0.485	0.240244	2.01878	2.02222
GCAG	23	0	13.6677	42.1017	37.8201	0.045	0.00513158	8.76923	8.88447
GANT	24	0	9.35064	12.6407	8.35914	0.065	0.0164474	3.952	3.97157
ANTA	25	0	12.9691	38.0381	33.7565	0.0866667	0.0174123	4.97733	5.0106
GCA	26	0	12.4011	34.8898	30.6082	0.0833333	0.0173077	4.81481	4.84568
CA	27	0	9.11612	14.7241	10.4426	0.15	0.0609583	2.4607	2.46671
A	28	0	7.7683	13.5726	9.29099	0.431667	0.288049	1.49859	1.49984
ATTT	29	0	4.61963	4.21503	-0	0.02	0.00574561	3.48092	3.49539
CNNA	30	0	3.39709	3.24646	-0	0.0916667	0.0589912	1.5539	1.55534
AATC	31	0	4.83767	4.31556	0.033984	0.0166667	0.00407895	4.08602	4.10718
ATC	32	0	4.38748	4.24994	-0	0.035	0.0139744	2.50459	2.51089
TC	33	0	3.19521	2.97744	-0	0.085	0.0552083	1.53962	1.54101
CAAC	34	0	3.15769	2.66429	-0	0.0133333	0.00460526	2.89524	2.90443
TCCC	35	0	3.82064	3.25648	-0	0.0133333	0.00377193	3.53488	3.54991
GNCT	36	0	4.27197	4.04183	-0	0.03	0.0114474	2.62069	2.6278
TGTA	37	0	3.98416	3.40292	-0	0.0133333	0.00359649	3.70732	3.72415
CNTT	38	0	3.89399	3.6699	-0	0.0366667	0.0164474	2.22933	2.23392
GCC	39	0	2.38172	2.00239	-0	0.0233333	0.0125214	1.86348	1.86617
TT	40	0	1.97742	1.63599	-0	0.0983333	0.0768333	1.27983	1.28042
T	41	0	1.58083	1.27527	-0	0.286667	0.258415	1.10933	1.10953
GAG	1	0	-2.2279	1.96318	-0	0.01	0.0238889	0.418605	0.418199
ANNA	2	0	-2.18892	1.85276	-0	0.065	0.0906579	0.716981	0.716643
GNAG	3	0	-1.94114	1.57809	-0	0.0116667	0.0237281	0.491682	0.491265
GNG	4	0	-1.99176	1.62758	-0	0.04	0.059188	0.675812	0.675447
ANT	5	0	-2.10113	1.75297	-0	0.0483333	0.0702564	0.687956	0.687598
GNAG	6	0	-2.4776	2.35954	-0	0.00833333	0.0237281	0.351201	0.350822
AAT	7	0	-1.92019	1.55357	-0	0.01	0.0213248	0.468938	0.468522
ANNA	8	0	-2.33111	2.03129	-0	0.0633333	0.0906579	0.698597	0.698246
GNAG	9	0	-2.20937	1.93669	-0	0.01	0.0237281	0.421442	0.421035
ANAG	10	0	-2.45825	2.32785	-0	0.00833333	0.0235526	0.353818	0.353436
TNNA	11	0	-2.38952	2.12134	-0	0.045	0.0698684	0.644068	0.643685
GNA	12	0	-2.81893	2.75729	-0	0.0433333	0.0733333	0.590909	0.590506
CT	13	0	-2.46613	2.23727	-0	0.0366667	0.0607083	0.603981	0.603582
AG	14	0	-2.97237	2.99695	-0	0.0483333	0.0815417	0.592744	0.592341
CNNC	15	0	-2.60706	2.46693	-0	0.0266667	0.0498246	0.535211	0.534796
CNNA	16	0	-2.84078	2.82536	-0	0.0316667	0.0589912	0.536803	0.536388
CNNA	17	0	-4.22698	6.00937	1.72779	0.0183333	0.0589912	0.310781	0.310423
CNA	18	0	-3.87321	4.94229	0.660715	0.0266667	0.0658974	0.404669	0.404267
A	19	0	-5.39361	7.8904	3.60882	0.188333	0.288049	0.653824	0.653447
A	20	0	-6.38527	10.8837	6.6021	0.17	0.288049	0.590178	0.589774
C	22	0	-6.17662	10.6549	6.3733	0.11	0.213293	0.515723	0.515307
ANNT	23	0	-3.41675	3.85565	-0	0.0366667	0.0729386	0.502706	0.502289
A	24	0	-4.67241	6.06721	1.78563	0.201667	0.288049	0.700113	0.699763
CT	25	0	-3.66286	4.47594	0.194362	0.025	0.0607083	0.411805	0.411401
TG	26	0	-3.51474	4.10299	-0	0.03	0.0655	0.458015	0.457601
A	27	0	-5.12316	7.17302	2.89144	0.193333	0.288049	0.671183	0.670814
C	28	0	-5.27966	7.83886	3.55728	0.125	0.213293	0.586049	0.585644
TNNG	29	0	-2.73275	2.64937	-0	0.0316667	0.0576754	0.549049	0.548636
AC	30	0	-2.38011	2.13241	-0	0.0266667	0.0472917	0.563877	0.563466
GNT	31	0	-2.04396	1.68764	-0	0.0416667	0.0617521	0.674741	0.674374
G	32	0	-2.21179	1.85403	-0	0.201667	0.240244	0.839425	0.8392
GNNA	33	0	-2.23294	1.9154	-0	0.0466667	0.0699123	0.667503	0.667133
TNAA	34	0	-1.80708	1.41888	-0	0.01	0.0204386	0.48927	0.488854
GAA	35	0	-2.32481	2.10567	-0	0.01	0.0247436	0.404145	0.403743
AG	36	0	-1.92813	1.55384	-0	0.06	0.0815417	0.73582	0.735496
GNA	37	0	-2.50572	2.28016	-0	0.0466667	0.0733333	0.636364	0.635978
ANA	38	0	-2.32286	2.02342	-0	0.0583333	0.0847436	0.688351	0.687993
AAG	39	0	-2.1314	1.82298	-0	0.0116667	0.0253419	0.460371	0.459957
AG	40	0	-2.37566	2.0946	-0	0.055	0.0815417	0.674502	0.674135
A	41	0	-1.51716	1.15845	-0	0.26	0.288049	0.902625	0.902478
