#kmer	position	shift	statistics	p-value	corrected.p	frac.obs	frac.exp	obs/exp	local.r
CNNT	1	0	4.41418	5.10926	0.827682	0.0566476	0.0477503	1.18633	1.18635
TNT	2	0	7.08094	11.4786	7.19699	0.0892602	0.071963	1.24036	1.24039
TNNT	3	0	8.46467	15.6536	11.372	0.0863117	0.0663914	1.30004	1.30008
TNT	4	0	8.69033	17.7431	13.4615	0.0931916	0.071963	1.29499	1.29503
TT	5	0	9.14837	19.5391	15.2575	0.106505	0.0826885	1.28802	1.28806
T	6	0	9.6801	21.7371	17.4555	0.29119	0.251491	1.15786	1.15787
T	7	0	6.76071	10.9677	6.68615	0.279217	0.251491	1.11025	1.11026
TNNA	8	0	6.33986	9.49323	5.21165	0.0956933	0.0794835	1.20394	1.20396
TNNA	9	0	10.0091	23.1582	18.8766	0.105075	0.0794835	1.32197	1.32201
CNA	10	0	9.28521	20.0932	15.8116	0.0896176	0.0675849	1.326	1.32604
CA	11	0	10.6624	26.1174	21.8358	0.0960508	0.0702868	1.36655	1.3666
ANNA	12	0	14.2868	45.8784	41.5968	0.151984	0.109768	1.38459	1.38463
ANAA	13	0	20.1703	90.0492	85.7676	0.088188	0.0475951	1.85288	1.85302
AAAA	14	0	32.5548	232.049	227.767	0.0752323	0.0261371	2.87837	2.87886
AANA	15	0	38.4487	323.005	318.724	0.124285	0.0472071	2.63276	2.63315
AAA	16	0	48.4745	300	295.718	0.162527	0.0566247	2.87025	2.87073
AANG	17	0	64.2446	300	295.718	0.125089	0.0268778	4.65401	4.65553
TCG	18	0	37.5392	307.976	303.694	0.049857	0.0117002	4.26121	4.26245
CG	19	0	58.4158	300	295.718	0.154128	0.0426063	3.61749	3.61834
G	20	0	52.3322	300	295.718	0.427448	0.221901	1.9263	1.92646
G	22	0	37.1591	301.806	297.525	0.367852	0.221901	1.65773	1.65783
G	23	0	37.2501	303.277	298.996	0.368209	0.221901	1.65934	1.65944
GAA	24	0	38.6327	300	295.718	0.0834525	0.0256846	3.24913	3.24978
ANCA	25	0	34.4759	260.035	255.754	0.0669228	0.0206162	3.24612	3.24677
ACA	26	0	26.7653	157.387	153.106	0.053431	0.0189421	2.82075	2.82121
CA	27	0	38.2105	319.025	314.743	0.162616	0.0702868	2.31361	2.31388
A	28	0	12.286	34.2689	29.9874	0.379557	0.325156	1.16731	1.16732
AT	29	0	8.00207	14.2825	10.0009	0.0964082	0.0763246	1.26313	1.26316
CNT	30	0	9.60014	21.3988	17.1172	0.0636169	0.0448374	1.41883	1.41889
GTNT	31	0	8.00977	13.0293	8.7477	0.0210865	0.0126312	1.6694	1.6695
TNT	32	0	11.2873	29.1203	24.8387	0.0995354	0.071963	1.38315	1.38319
TTT	33	0	10.5387	25.5431	21.2615	0.0472659	0.0302139	1.56438	1.56446
TT	34	0	10.6242	25.9393	21.6577	0.110347	0.0826885	1.33449	1.33453
T	35	0	7.69753	13.8612	9.57959	0.283059	0.251491	1.12553	1.12554
T	36	0	7.45788	13.0883	8.80672	0.282076	0.251491	1.12162	1.12163
TGNC	37	0	4.69204	5.45104	1.16946	0.0192995	0.0140749	1.3712	1.37124
C	38	0	6.27694	9.55809	5.27651	0.22525	0.201453	1.11813	1.11814
CNT	39	0	6.81391	10.5542	6.2726	0.0581665	0.0448374	1.29728	1.29731
CT	40	0	6.20645	8.98905	4.70748	0.0569157	0.044782	1.27095	1.27098
T	41	0	3.44917	3.53769	-0	0.265636	0.251491	1.05625	1.05625
ANG	1	0	-5.90825	9.24814	4.96656	0.0539671	0.0680294	0.793292	0.793277
CGA	2	0	-5.60682	9.03835	4.75677	0.00964975	0.0163762	0.589256	0.589234
GNA	3	0	-5.58189	8.30455	4.02297	0.0596855	0.0734499	0.812601	0.812588
ANNA	4	0	-5.7007	8.52592	4.24434	0.0929235	0.109768	0.846543	0.846531
CNA	5	0	-6.83091	12.1669	7.88534	0.051376	0.0675849	0.760169	0.760153
AAAA	6	0	-7.14086	14.1033	9.82175	0.0153681	0.0261371	0.587981	0.58796
AA	7	0	-8.72457	17.8742	13.5926	0.10168	0.129356	0.786047	0.786032
A	8	0	-9.20455	19.7656	15.484	0.2844	0.325156	0.874656	0.874646
TNGC	9	0	-4.91388	7.06023	2.77865	0.0090243	0.0145945	0.618334	0.618313
ANNC	10	0	-5.7587	8.86235	4.58077	0.0465511	0.0594198	0.783428	0.783412
GNNA	11	0	-8.45051	16.8386	12.557	0.0520908	0.0728504	0.715037	0.715019
GNA	12	0	-8.95165	18.7567	14.4751	0.051376	0.0734499	0.69947	0.699451
CA	13	0	-9.85999	22.5082	18.2267	0.0464618	0.0702868	0.661031	0.661011
ANG	14	0	-15.1807	51.6245	47.343	0.0318978	0.0680294	0.468883	0.46886
AG	15	0	-9.59941	21.3958	17.1142	0.0427091	0.0650934	0.65612	0.6561
GNNA	16	0	-20.2347	90.6158	86.3342	0.0231415	0.0728504	0.317658	0.317639
TNA	17	0	-21.1764	99.1037	94.8221	0.0201036	0.0717683	0.280119	0.280101
GA	18	0	-21.0794	98.2116	93.93	0.0172445	0.0670948	0.257016	0.256999
A	19	0	-40.825	300	295.718	0.144389	0.325156	0.44406	0.444038
A	20	0	-38.1815	318.545	314.263	0.156094	0.325156	0.480058	0.480035
ANA	22	0	-20.0709	89.1786	84.897	0.0528056	0.11283	0.46801	0.467987
A	23	0	-25.0047	137.566	133.284	0.214439	0.325156	0.659495	0.659475
A	24	0	-33.6009	247.09	242.808	0.176376	0.325156	0.542435	0.542413
T	25	0	-26.9429	159.462	155.181	0.140994	0.251491	0.560632	0.56061
TG	26	0	-11.654	30.9606	26.679	0.0355611	0.0621582	0.572106	0.572084
G	27	0	-23.0102	116.735	112.453	0.131523	0.221901	0.592709	0.592687
C	28	0	-14.7686	48.9329	44.6513	0.145461	0.201453	0.722061	0.722043
C	29	0	-7.39208	13.5447	9.26308	0.173427	0.201453	0.860884	0.860874
A	30	0	-10.2337	24.1546	19.873	0.279843	0.325156	0.860641	0.860631
ANNG	31	0	-6.99527	12.7103	8.42873	0.0535204	0.0704404	0.759797	0.759781
GNNA	32	0	-7.61398	14.9546	10.673	0.0541458	0.0728504	0.743246	0.743229
G	33	0	-7.97356	15.6536	11.372	0.190583	0.221901	0.858864	0.858853
GNA	34	0	-6.70515	11.6993	7.41769	0.0569157	0.0734499	0.774891	0.774875
AAAA	35	0	-7.55559	15.9546	11.673	0.0147427	0.0261371	0.564052	0.56403
AANA	36	0	-8.61727	17.4649	13.1833	0.0299321	0.0472071	0.634059	0.634038
AA	37	0	-9.65407	21.6267	17.3451	0.0987312	0.129356	0.763253	0.763237
AA	38	0	-9.06257	19.1958	14.9142	0.100608	0.129356	0.777759	0.777743
AA	39	0	-9.42874	20.6829	16.4013	0.099446	0.129356	0.768779	0.768763
A	40	0	-5.77413	8.48993	4.20835	0.299589	0.325156	0.92137	0.921363
A	41	0	-3.89749	4.32618	0.044599	0.307898	0.325156	0.946925	0.946921
