#kmer	position	shift	statistics	p-value	corrected.p	frac.obs	frac.exp	obs/exp	local.r
CNT	1	0	3.82167	3.99203	-0	0.0686654	0.0532576	1.28931	1.28943
TTNT	2	0	3.69266	3.71945	-0	0.0373952	0.026706	1.40025	1.40043
TT	3	0	4.46815	5.16513	0.883549	0.110574	0.0878627	1.25848	1.25859
TNT	4	0	4.43377	5.09432	0.812743	0.105738	0.0836929	1.26341	1.26351
TT	5	0	4.08761	4.48689	0.205308	0.10864	0.0878627	1.23647	1.23656
T	6	0	3.92432	4.32472	0.043142	0.309155	0.277602	1.11366	1.1137
CTGT	7	0	3.92127	3.62077	-0	0.00580271	0.00237538	2.44286	2.44399
TNNA	8	0	4.93151	6.06	1.77842	0.114442	0.0892039	1.28293	1.28305
TNNA	9	0	7.82908	13.2287	8.9471	0.129271	0.0892039	1.44917	1.44938
TNA	10	0	7.37282	11.8892	7.60766	0.121857	0.0849493	1.43447	1.43467
CA	11	0	5.81566	7.89799	3.61641	0.102192	0.074734	1.36741	1.36757
A	12	0	10.1718	23.8779	19.5963	0.414249	0.328474	1.26113	1.26124
GGAT	13	0	6.37107	7.14072	2.85914	0.00934881	0.00304557	3.06964	3.07169
CNTT	14	0	5.01392	5.72732	1.44574	0.0254674	0.014651	1.73827	1.73869
ANAA	15	0	5.66457	7.33691	3.05533	0.0599613	0.0400251	1.49809	1.49833
ANNC	16	0	7.03309	10.7334	6.45181	0.0886525	0.0589178	1.50468	1.50492
ANNC	17	0	12.4469	35.1383	30.8568	0.111541	0.0589178	1.89316	1.89371
TNC	18	0	11.7393	31.3971	27.1155	0.0976789	0.0512159	1.9072	1.90776
CG	19	0	15.2225	51.9015	47.6199	0.0673759	0.0248388	2.71252	2.71402
G	20	0	17.6296	69.1364	64.8548	0.329787	0.202568	1.62803	1.62836
GGNA	22	0	65.0899	300	295.718	0.165377	0.0165004	10.0226	10.0519
GNA	23	0	37.0749	300.448	296.166	0.234365	0.0674337	3.47548	3.47826
TAGC	24	0	43.6574	300	295.718	0.0551257	0.00423326	13.022	13.0727
AGCA	25	0	48.8778	300	295.718	0.0757576	0.00630323	12.0188	12.0617
GCA	26	0	40.7792	300	295.718	0.11283	0.0173172	6.51551	6.52712
CA	27	0	35.9267	282.232	277.951	0.244358	0.074734	3.26971	3.2721
A	28	0	20.6084	93.9382	89.6566	0.502257	0.328474	1.52906	1.52932
ACTC	29	0	7.22834	8.51624	4.23466	0.00999355	0.00295225	3.38506	3.38766
T	30	0	5.80874	8.32359	4.04202	0.324307	0.277602	1.16824	1.16831
TT	31	0	5.35607	6.93647	2.65489	0.115087	0.0878627	1.30985	1.30998
TCNC	32	0	4.18184	4.29634	0.0147609	0.0180529	0.0104262	1.73149	1.7319
CTG	33	0	3.10999	2.84192	-0	0.0154739	0.00993569	1.5574	1.55768
ACGC	34	0	4.51645	4.04715	-0	0.0035461	0.000992568	3.57265	3.57562
CNCG	35	0	3.87877	3.6688	-0	0.00805932	0.00378364	2.13004	2.13082
TGNT	36	0	3.93005	4.01148	-0	0.0261122	0.0169924	1.53669	1.53696
TG	37	0	4.34097	4.8756	0.594017	0.0783366	0.0598485	1.30891	1.30905
GNNT	38	0	4.103	4.44464	0.163056	0.0673759	0.051147	1.3173	1.31743
TG	39	0	3.28128	3.19059	-0	0.0738233	0.0598485	1.2335	1.2336
TC	40	0	2.62836	2.33428	-0	0.065764	0.0550048	1.1956	1.19568
T	41	0	1.99981	1.6544	-0	0.293682	0.277602	1.05792	1.05794
GNCA	1	0	-3.69354	4.52905	0.247468	0.00644745	0.0143286	0.44997	0.449891
ANCA	2	0	-3.67651	4.27256	-0	0.0170858	0.0279701	0.610858	0.610782
GNAG	3	0	-4.52543	6.59273	2.31115	0.00741457	0.0183074	0.405005	0.404927
CNA	4	0	-3.53452	3.84959	-0	0.0499678	0.0656896	0.760664	0.760606
AGC	5	0	-3.21827	3.50877	-0	0.00741457	0.0142671	0.519699	0.519618
A	6	0	-3.8966	4.33658	0.0549983	0.295616	0.328474	0.899966	0.899937
A	7	0	-3.2467	3.23792	-0	0.301096	0.328474	0.916651	0.916626
A	8	0	-3.5143	3.66817	-0	0.298839	0.328474	0.909781	0.909754
ANNT	9	0	-3.72641	4.15993	-0	0.0757576	0.0954138	0.79399	0.793937
ANGC	10	0	-3.61298	4.37589	0.0943141	0.00580271	0.0132088	0.439306	0.439227
GGC	11	0	-3.92452	5.25408	0.9725	0.00386847	0.0113244	0.341606	0.341533
GCA	12	0	-5.19137	8.92106	4.63948	0.00515796	0.0173172	0.297852	0.297785
CA	13	0	-6.06487	10.2397	5.95812	0.0460993	0.074734	0.616845	0.616768
AG	14	0	-5.03866	7.19257	2.91099	0.049323	0.072832	0.677216	0.677145
GNNG	15	0	-5.58428	8.98762	4.70604	0.0293359	0.0514948	0.569687	0.569608
CNNA	16	0	-6.35372	11.4477	7.16609	0.0335268	0.0607842	0.55157	0.55149
ANNA	17	0	-11.0929	28.1679	23.8864	0.0506125	0.113882	0.444428	0.444348
ANA	18	0	-9.94362	22.8715	18.5899	0.0548034	0.110855	0.49437	0.49429
AA	19	0	-13.5913	41.647	37.3655	0.0348162	0.111678	0.311756	0.311687
A	20	0	-21.8262	105.184	100.902	0.144423	0.328474	0.439678	0.439599
A	22	0	-14.792	49.0834	44.8018	0.20374	0.328474	0.62026	0.620184
T	23	0	-11.5119	30.2405	25.9589	0.185042	0.277602	0.666572	0.666501
A	24	0	-19.6471	85.5142	81.2326	0.162798	0.328474	0.495619	0.495539
T	25	0	-14.5189	47.3375	43.0559	0.160864	0.277602	0.579477	0.579398
TA	26	0	-8.96174	18.7964	14.5148	0.0322373	0.0744842	0.432807	0.432728
A	27	0	-18.0415	72.3369	68.0553	0.176338	0.328474	0.536839	0.536759
C	28	0	-12.0766	33.1538	28.8722	0.106061	0.191356	0.554259	0.554179
CGA	29	0	-4.02795	5.64819	1.36661	0.00290135	0.0101506	0.285831	0.285765
A	30	0	-5.96098	9.07401	4.79243	0.278208	0.328474	0.84697	0.846928
AC	31	0	-3.89067	4.56188	0.280304	0.040619	0.0567859	0.715299	0.715234
ANC	32	0	-2.82779	2.6866	-0	0.0541586	0.0668386	0.810289	0.81024
GNTG	33	0	-2.85577	2.85918	-0	0.00741457	0.0132851	0.55811	0.55803
GAGG	34	0	-2.97155	3.25608	-0	0.00193424	0.00608266	0.317992	0.317922
ANNA	35	0	-2.95393	2.84801	-0	0.0970342	0.113882	0.852056	0.852015
AAA	36	0	-3.30096	3.48817	-0	0.0286912	0.0403544	0.710979	0.710913
GNA	37	0	-3.73594	4.22496	-0	0.0506125	0.0674337	0.750552	0.750491
GNAG	38	0	-3.0522	3.15419	-0	0.0109607	0.0183074	0.598702	0.598625
CGG	39	0	-2.46351	2.31237	-0	0.00257898	0.00599283	0.430345	0.430266
TA	40	0	-2.05494	1.69789	-0	0.0647969	0.0744842	0.869942	0.869905
G	41	0	-2.02664	1.66184	-0	0.187943	0.202568	0.927803	0.927782
