#kmer	position	shift	statistics	p-value	corrected.p	frac.obs	frac.exp	obs/exp	local.r
TNNT	1	0	4.82827	6.00794	1.72636	0.0930497	0.0824821	1.12812	1.12813
TNAT	2	0	4.97178	6.11077	1.82919	0.0255729	0.0200309	1.27667	1.2767
TNAT	3	0	6.05072	8.45919	4.17761	0.0267755	0.0200309	1.33672	1.33674
A	4	0	6.17883	9.39205	5.11047	0.307824	0.285618	1.07775	1.07775
TT	5	0	5.79694	8.20543	3.92385	0.102545	0.0893863	1.14721	1.14722
TA	6	0	6.12457	8.9282	4.64662	0.0689328	0.0575817	1.19713	1.19715
TNNA	7	0	4.62068	5.58233	1.30075	0.0893784	0.0794371	1.12515	1.12516
TNAC	8	0	6.30643	8.93679	4.65521	0.0200025	0.0140891	1.41972	1.41976
ANNC	9	0	9.13593	19.4891	15.2076	0.0783643	0.0609721	1.28525	1.28527
ANC	10	0	10.3518	24.6873	20.4057	0.0865299	0.0660713	1.30964	1.30967
TC	11	0	10.4584	25.1735	20.8919	0.0889986	0.068045	1.30794	1.30796
C	12	0	15.3914	53.0292	48.7476	0.280858	0.229375	1.22445	1.22447
TG	13	0	10.2976	24.4421	20.1605	0.083998	0.0639527	1.31344	1.31346
G	14	0	11.6638	31.0108	26.7292	0.243259	0.205745	1.18233	1.18234
TG	15	0	8.76923	18.046	13.7644	0.0810229	0.0639527	1.26692	1.26694
GNNT	16	0	14.1723	45.1673	40.8858	0.0807064	0.0550003	1.46738	1.46742
GNNG	17	0	22.4185	110.886	106.605	0.0911508	0.0516688	1.76414	1.76422
ANG	18	0	20.4092	92.1593	87.8777	0.0942524	0.0566998	1.66231	1.66238
TG	19	0	19.8253	87.0452	82.7636	0.102545	0.0639527	1.60344	1.60351
G	20	0	30.2036	199.974	195.692	0.302886	0.205745	1.47214	1.47219
GCCG	22	0	26.9954	160.077	155.795	0.0156982	0.0033282	4.71672	4.71783
GNA	23	0	33.4166	244.405	240.124	0.124889	0.0611746	2.04152	2.04166
TAGC	24	0	25.675	144.954	140.672	0.0146854	0.00318162	4.61571	4.61676
AGC	25	0	33.4724	245.216	240.934	0.0484871	0.015544	3.11935	3.11977
GC	26	0	31.9929	224.165	219.883	0.107229	0.051152	2.09628	2.09642
CA	27	0	25.5037	143.048	138.766	0.125396	0.0727086	1.72463	1.72471
A	28	0	21.3791	100.981	96.6992	0.362451	0.285618	1.26901	1.26903
A	29	0	14.6861	48.4024	44.1208	0.338397	0.285618	1.18479	1.1848
C	30	0	6.25126	9.54488	5.2633	0.250285	0.229375	1.09116	1.09117
T	31	0	7.84228	14.4231	10.1415	0.307254	0.279262	1.10024	1.10024
ANAT	32	0	5.71056	7.71706	3.43549	0.0300671	0.0232241	1.29465	1.29467
TAT	33	0	5.89019	8.0294	3.74782	0.0225978	0.0166087	1.3606	1.36063
AT	34	0	6.15565	9.06242	4.78084	0.0861501	0.0733795	1.17403	1.17405
TNA	35	0	4.70135	5.73473	1.45315	0.0815293	0.0718689	1.13442	1.13443
AANC	36	0	3.92942	4.20917	-0	0.0258894	0.0213685	1.21157	1.21158
A	37	0	5.82657	8.46778	4.1862	0.306558	0.285618	1.07331	1.07332
ANA	38	0	4.89791	6.15836	1.87678	0.097544	0.0865851	1.12657	1.12658
CNT	39	0	3.53305	3.62735	-0	0.0689961	0.0622068	1.10914	1.10915
A	40	0	4.5408	5.52131	1.23973	0.301937	0.285618	1.05714	1.05714
T	41	0	3.32013	3.34074	-0	0.291113	0.279262	1.04244	1.04244
CNNC	1	0	-6.19386	10.0236	5.74202	0.0516521	0.0636856	0.811048	0.811039
CG	2	0	-7.67413	15.4775	11.1959	0.0249399	0.0363701	0.685724	0.685711
GC	3	0	-8.20137	15.9251	11.6435	0.0367768	0.051152	0.71897	0.718958
C	4	0	-10.8557	27.0284	22.7468	0.193062	0.229375	0.841691	0.841682
C	5	0	-11.518	30.2716	25.99	0.190847	0.229375	0.832032	0.832023
GC	6	0	-7.11796	13.1636	8.88202	0.0386758	0.051152	0.756095	0.756083
C	7	0	-8.1307	15.9546	11.673	0.202177	0.229375	0.88143	0.881423
C	8	0	-8.11178	15.9546	11.673	0.202241	0.229375	0.881706	0.881699
GC	9	0	-7.2263	13.5532	9.27161	0.0384859	0.051152	0.752382	0.75237
GNNC	10	0	-7.87262	15.9546	11.673	0.0308267	0.0436198	0.706714	0.7067
ANC	11	0	-8.35285	16.4773	12.1957	0.0495632	0.0660713	0.750147	0.750136
GC	12	0	-11.0904	28.1562	23.8746	0.0317129	0.051152	0.619973	0.619958
C	13	0	-12.9941	38.1798	33.8983	0.18591	0.229375	0.810507	0.810497
ANNC	14	0	-11.5457	30.4111	26.1295	0.0389923	0.0609721	0.63951	0.639496
ANC	15	0	-10.9472	27.4649	23.1833	0.044436	0.0660713	0.672546	0.672532
C	16	0	-12.9184	37.7514	33.4698	0.186163	0.229375	0.811611	0.811601
CNNC	17	0	-19.8128	86.9378	82.6562	0.0251931	0.0636856	0.395585	0.39557
ANC	18	0	-19.4667	83.9781	79.6965	0.0275984	0.0660713	0.417707	0.417691
C	19	0	-19.22	81.8997	77.6181	0.165084	0.229375	0.719715	0.719702
C	20	0	-34.2075	256.029	251.747	0.114951	0.229375	0.501151	0.501135
C	22	0	-12.5021	35.4393	31.1577	0.187555	0.229375	0.817682	0.817672
A	23	0	-14.9395	50.0403	45.7587	0.231928	0.285618	0.812022	0.812012
A	24	0	-16.4543	60.408	56.1264	0.226484	0.285618	0.792962	0.792952
C	25	0	-16.6085	61.5193	57.2377	0.173819	0.229375	0.757798	0.757786
C	26	0	-18.5387	76.2984	72.0168	0.167363	0.229375	0.729649	0.729637
A	27	0	-12.1214	33.3906	29.109	0.242056	0.285618	0.847481	0.847473
C	28	0	-15.738	55.3819	51.1003	0.176731	0.229375	0.770492	0.770481
CG	29	0	-10.9465	27.4618	23.1802	0.0200658	0.0363701	0.551712	0.551696
G	30	0	-9.63136	21.5306	17.249	0.174769	0.205745	0.849443	0.849435
GC	31	0	-9.32088	20.2389	15.9573	0.0348145	0.051152	0.680609	0.680595
C	32	0	-7.50622	13.8179	9.53629	0.204266	0.229375	0.890536	0.89053
GC	33	0	-6.54015	11.1946	6.91299	0.0396886	0.051152	0.775894	0.775883
CG	34	0	-7.75913	15.9546	11.673	0.0248133	0.0363701	0.682243	0.68223
CGC	35	0	-5.72725	9.62945	5.34787	0.00487403	0.00923194	0.527954	0.527938
GC	36	0	-6.35958	10.6166	6.33502	0.0400051	0.051152	0.782081	0.782071
CNNC	37	0	-7.62744	14.9132	10.6316	0.0488669	0.0636856	0.767315	0.767304
CG	38	0	-5.8042	9.06208	4.7805	0.027725	0.0363701	0.762303	0.762291
GC	39	0	-4.73447	6.18776	1.90618	0.0428535	0.051152	0.837768	0.837759
GC	40	0	-5.92622	9.3009	5.01932	0.0407647	0.051152	0.796931	0.796921
C	41	0	-4.32705	5.16451	0.88293	0.214901	0.229375	0.936898	0.936895
