#kmer	position	shift	statistics	p-value	corrected.p	frac.obs	frac.exp	obs/exp	local.r
GCNT	1	0	4.01601	4.06798	-0	0.0155837	0.00931409	1.67313	1.67343
C	2	0	3.75334	3.99426	-0	0.192816	0.169907	1.13483	1.13487
TTT	3	0	3.65847	3.72155	-0	0.0493925	0.0380213	1.29907	1.29918
TT	4	0	5.13228	6.52944	2.24787	0.127047	0.101823	1.24773	1.24781
T	5	0	4.14835	4.73844	0.456863	0.324089	0.293392	1.10463	1.10466
TT	6	0	4.32616	4.94351	0.661931	0.123085	0.101823	1.20882	1.20889
CCT	7	0	4.03947	4.08928	-0	0.0147913	0.00869601	1.70093	1.70125
CNNC	8	0	4.74781	5.52928	1.2477	0.0472795	0.0334126	1.41502	1.41517
TNNA	9	0	6.98686	11.0054	6.72387	0.132858	0.0989518	1.34265	1.34277
GCA	10	0	7.29314	10.2965	6.01495	0.0256207	0.0124683	2.05486	2.05543
CA	11	0	9.60608	21.4239	17.1423	0.0998415	0.06215	1.60646	1.60672
A	12	0	10.1009	23.5629	19.2814	0.426836	0.348608	1.2244	1.22447
ANAA	13	0	6.43829	9.31	5.02842	0.0810882	0.0568577	1.42616	1.42632
GAAA	14	0	9.26986	14.8406	10.5591	0.0258848	0.0105166	2.46134	2.46229
AAAA	15	0	18.7165	77.741	73.4594	0.0832013	0.0307157	2.70876	2.70998
AAA	16	0	19.2254	81.9449	77.6633	0.136292	0.0613258	2.22242	2.22314
AANG	17	0	19.1506	81.3204	77.0389	0.0760697	0.026281	2.89447	2.89592
ACG	18	0	12.8067	37.1237	32.8421	0.0295827	0.00944776	3.13118	3.13295
CG	19	0	15.1193	51.2192	46.9376	0.0670893	0.0271527	2.47082	2.47178
G	20	0	15.7568	55.5112	51.2296	0.288167	0.188093	1.53204	1.53226
GGTA	22	0	37.2374	303.072	298.79	0.0430534	0.00414964	10.3752	10.401
GT	23	0	36.3476	288.843	284.561	0.179609	0.0503896	3.56441	3.56683
GAAC	24	0	19.0505	80.4876	76.206	0.0232435	0.00391331	5.93961	5.94737
AAC	25	0	19.5089	84.336	80.0544	0.0647121	0.0201552	3.21069	3.21256
ACG	26	0	14.3187	46.0776	41.796	0.0319599	0.00944776	3.3828	3.38493
CG	27	0	12.8194	37.1951	32.9135	0.0610143	0.0271527	2.24708	2.24782
G	28	0	12.9288	37.8105	33.5289	0.270206	0.188093	1.43655	1.43672
T	29	0	5.18348	6.86686	2.58528	0.331749	0.293392	1.13074	1.13078
TNAA	30	0	8.32958	13.9293	9.64771	0.0591653	0.0344691	1.71648	1.7168
GATT	31	0	7.185	9.24531	4.96373	0.0137348	0.00527567	2.60343	2.60453
ANT	32	0	6.75022	10.3466	6.06501	0.126519	0.094437	1.33972	1.33984
TTT	33	0	4.7632	5.58594	1.30436	0.0528262	0.0380213	1.38938	1.38953
TT	34	0	5.23976	6.75789	2.47631	0.127575	0.101823	1.25292	1.253
TGNG	35	0	4.52601	4.85103	0.56945	0.0169044	0.00969639	1.74337	1.74371
TNNG	36	0	5.16531	6.4292	2.14762	0.0681458	0.0498721	1.36641	1.36654
GGC	37	0	3.8268	3.74077	-0	0.0116218	0.00658973	1.76362	1.76397
CGG	38	0	4.96862	5.3243	1.04272	0.0105652	0.0049169	2.14876	2.14941
CC	39	0	3.70538	3.77511	-0	0.042261	0.0317089	1.33278	1.3329
C	40	0	3.62352	3.78172	-0	0.192023	0.169907	1.13017	1.1302
C	41	0	3.53697	3.6435	-0	0.191495	0.169907	1.12706	1.12709
GGNG	1	0	-3.10919	3.39388	-0	0.0034337	0.00791003	0.434095	0.43403
ANNA	2	0	-3.40082	3.54078	-0	0.112256	0.130898	0.857583	0.857551
ANAA	3	0	-3.17666	3.22855	-0	0.0449023	0.0568577	0.789731	0.789687
ANAA	4	0	-3.59776	3.96487	-0	0.0433175	0.0568577	0.761858	0.76181
ANNA	5	0	-4.17177	4.97528	0.693703	0.10803	0.130898	0.825297	0.825259
AAAA	6	0	-3.51229	3.89092	-0	0.0208663	0.0307157	0.679339	0.679282
A	7	0	-4.35964	5.21813	0.936553	0.314844	0.348608	0.903147	0.903124
A	8	0	-4.39374	5.28743	1.00585	0.31458	0.348608	0.902389	0.902366
ANG	9	0	-3.27264	3.37373	-0	0.0546751	0.0680713	0.803204	0.803162
TNC	10	0	-4.22405	5.24604	0.964466	0.0390914	0.0547022	0.714622	0.714568
ACT	11	0	-3.72188	4.51762	0.236037	0.00713154	0.0143173	0.498108	0.498042
CNA	12	0	-6.01381	10.1101	5.8285	0.0372425	0.0605537	0.615032	0.614969
CA	13	0	-4.73236	6.40384	2.12227	0.0435816	0.06215	0.701232	0.701177
ANGT	14	0	-5.13639	8.30837	4.02679	0.0076598	0.01908	0.401457	0.401394
AG	15	0	-4.92802	6.8898	2.60822	0.044374	0.0639725	0.693642	0.693585
TNNA	16	0	-9.12388	19.4408	15.1592	0.0546751	0.0989518	0.552543	0.552478
TNNA	17	0	-11.7364	31.3824	27.1008	0.0419968	0.0989518	0.424417	0.424352
TNA	18	0	-11.0934	28.1706	23.8891	0.0393555	0.091281	0.431147	0.431082
A	19	0	-16.5011	60.7442	56.4626	0.220814	0.348608	0.633415	0.633354
A	20	0	-21.4804	101.926	97.644	0.18225	0.348608	0.522795	0.522729
A	22	0	-8.38404	16.5923	12.3107	0.283677	0.348608	0.813742	0.813702
A	23	0	-9.95288	22.9119	18.6303	0.271527	0.348608	0.778889	0.778843
A	24	0	-12.579	35.8608	31.5792	0.251189	0.348608	0.720548	0.720495
T	25	0	-9.09416	19.3218	15.0403	0.226096	0.293392	0.770629	0.770583
AA	26	0	-6.64291	11.5693	7.28767	0.102219	0.139639	0.732019	0.731967
G	27	0	-8.86335	18.4109	14.1293	0.131801	0.188093	0.700723	0.700667
TG	28	0	-4.47152	5.78991	1.50833	0.0419968	0.0591389	0.710138	0.710084
AGG	29	0	-4.3017	5.98417	1.70259	0.00607501	0.0144053	0.421721	0.421656
ANG	30	0	-5.07937	7.26306	2.98148	0.0472795	0.0680713	0.694558	0.694502
AG	31	0	-4.19745	5.15324	0.871659	0.0472795	0.0639725	0.739059	0.739008
G	32	0	-6.65918	11.4245	7.14288	0.1458	0.188093	0.775148	0.775102
G	33	0	-5.5363	8.10918	3.8276	0.152932	0.188093	0.813063	0.813023
AAAA	34	0	-3.98324	4.85921	0.577628	0.0195457	0.0307157	0.636343	0.636282
AAAA	35	0	-5.96123	10.6409	6.35935	0.0139989	0.0307157	0.455759	0.455694
AAA	36	0	-5.56665	8.69326	4.41168	0.0396197	0.0613258	0.646052	0.645991
AA	37	0	-4.53294	5.73475	1.45317	0.114105	0.139639	0.817137	0.817098
AAAA	38	0	-4.07743	5.06982	0.788237	0.0192816	0.0307157	0.627744	0.627682
AAA	39	0	-4.68606	6.29385	2.01227	0.0430534	0.0613258	0.702043	0.701988
AA	40	0	-3.78272	4.20907	-0	0.118331	0.139639	0.847402	0.847367
G	41	0	-2.33401	2.0075	-0	0.17327	0.188093	0.921191	0.921171
