#kmer	position	shift	statistics	p-value	corrected.p	frac.obs	frac.exp	obs/exp	local.r
TNNT	1	0	6.42566	9.7354	5.45382	0.0691536	0.0580566	1.19114	1.19115
TNNT	2	0	7.18357	11.8381	7.55654	0.0704625	0.0580566	1.21369	1.2137
TT	3	0	7.5258	12.8787	8.5971	0.0750436	0.0616738	1.21678	1.2168
T	4	0	7.56233	13.4522	9.17058	0.253981	0.230462	1.10205	1.10206
T	5	0	6.94857	11.5424	7.26084	0.252072	0.230462	1.09377	1.09377
T	6	0	7.47465	13.17	8.88839	0.253709	0.230462	1.10087	1.10087
T	7	0	6.40495	9.97686	5.69528	0.250382	0.230462	1.08643	1.08644
TNNA	8	0	6.12886	8.9929	4.71132	0.0762435	0.0650791	1.17155	1.17156
CNNA	9	0	8.94679	18.7376	14.456	0.0744983	0.0589378	1.26401	1.26403
TNA	10	0	9.74951	22.033	17.7514	0.0800611	0.0626175	1.27857	1.27859
CA	11	0	11.0227	27.8282	23.5466	0.0975676	0.0759967	1.28384	1.28386
A	12	0	12.3486	34.606	30.3244	0.316481	0.275728	1.1478	1.14781
GNAA	13	0	12.2333	33.9866	29.705	0.032668	0.0200153	1.63215	1.63221
AAAA	14	0	21.7404	104.371	100.089	0.0316318	0.0132641	2.38477	2.38495
AAAA	15	0	34.4571	259.753	255.472	0.0423757	0.0132641	3.19476	3.19515
AAA	16	0	30.3076	201.342	197.06	0.0714987	0.0320667	2.22969	2.22984
ANNG	17	0	38.457	323.005	318.724	0.142779	0.0702142	2.03348	2.0336
TNG	18	0	27.101	161.319	157.038	0.0932592	0.0497452	1.87474	1.87483
TG	19	0	29.7656	194.264	189.982	0.127236	0.0708402	1.7961	1.79618
G	20	0	50.4476	300	295.718	0.424247	0.260692	1.62739	1.62744
GNNA	22	0	38.0367	316.146	311.864	0.141252	0.0697162	2.0261	2.02622
CGG	23	0	38.4107	322.352	318.07	0.0372491	0.00959581	3.88181	3.88242
GAGC	24	0	38.1112	317.379	313.098	0.0266688	0.00562311	4.74273	4.74369
CTCG	25	0	37.5621	308.349	304.068	0.0125982	0.00158015	7.97275	7.97578
GCG	26	0	129.48	300	295.718	0.105857	0.0101258	10.4542	10.4596
CNNC	27	0	37.7677	311.716	307.434	0.128054	0.0611997	2.0924	2.09252
G	28	0	40.6405	300	295.718	0.392452	0.260692	1.50542	1.50547
GC	29	0	12.0083	32.7939	28.5123	0.0822971	0.0610629	1.34774	1.34777
TAA	30	0	12.8602	37.4236	33.142	0.0251418	0.0139882	1.79736	1.79744
AA	31	0	10.5515	25.602	21.3205	0.105366	0.0837778	1.25769	1.25771
AA	32	0	9.59189	21.3641	17.0825	0.103403	0.0837778	1.23425	1.23427
AA	33	0	5.75354	8.10674	3.82516	0.0955497	0.0837778	1.14051	1.14052
TNT	34	0	6.80936	10.8058	6.52422	0.0768979	0.0645417	1.19145	1.19146
TNT	35	0	8.01156	14.4231	10.1415	0.0790794	0.0645417	1.22525	1.22526
TNNT	36	0	8.50993	15.9546	11.673	0.0727531	0.0580566	1.25314	1.25316
GGCT	37	0	6.60104	9.17532	4.89374	0.00834424	0.0049299	1.69258	1.69264
CT	38	0	7.43462	12.6041	8.32257	0.0750436	0.061821	1.21389	1.2139
T	39	0	6.77321	11.0245	6.74287	0.251527	0.230462	1.0914	1.09141
CT	40	0	6.30003	9.42169	5.14011	0.0730257	0.061821	1.18124	1.18126
T	41	0	6.68553	10.7701	6.48852	0.251254	0.230462	1.09022	1.09022
CG	1	0	-8.56934	17.2837	13.0021	0.0185973	0.0292635	0.635512	0.6355
CG	2	0	-7.95592	15.0511	10.7695	0.0193608	0.0292635	0.661604	0.661591
ANCG	3	0	-7.19428	15.1095	10.8279	0.00463569	0.00989425	0.468523	0.46851
ANCG	4	0	-8.16425	15.7912	11.5097	0.0039267	0.00989425	0.396867	0.396854
GCG	5	0	-7.35179	15.6536	11.372	0.00469023	0.0101258	0.463196	0.463182
CG	6	0	-7.95592	15.0511	10.7695	0.0193608	0.0292635	0.661604	0.661591
CG	7	0	-8.78842	18.1201	13.8385	0.0183246	0.0292635	0.626194	0.626181
CG	8	0	-8.70079	17.7831	13.5015	0.0184337	0.0292635	0.629921	0.629909
ANCG	9	0	-8.01502	15.2592	10.9776	0.00403578	0.00989425	0.407891	0.407878
CG	10	0	-8.175	15.8299	11.5483	0.0190881	0.0292635	0.652285	0.652273
CG	11	0	-9.66474	21.6719	17.3904	0.0172339	0.0292635	0.58892	0.588907
CNA	12	0	-11.2836	29.102	24.8204	0.0357221	0.0546648	0.653475	0.653463
CA	13	0	-9.71148	21.8706	17.589	0.0569917	0.0759967	0.749924	0.749914
ANG	14	0	-11.7586	31.4965	27.2149	0.0463569	0.0682558	0.679164	0.679152
AG	15	0	-10.2418	24.1909	19.9094	0.0608093	0.0815036	0.746094	0.746084
GNNA	16	0	-16.9442	63.9738	59.6922	0.037849	0.0697162	0.542902	0.542888
GNNA	17	0	-22.1349	108.137	103.856	0.0280868	0.0697162	0.402874	0.402861
ANA	18	0	-23.0357	116.99	112.709	0.0407941	0.0893101	0.456769	0.456755
AA	19	0	-24.4469	131.566	127.284	0.0337587	0.0837778	0.402955	0.402942
A	20	0	-47.5731	300	295.718	0.118728	0.275728	0.430598	0.430585
A	22	0	-30.3865	202.383	198.101	0.175447	0.275728	0.636304	0.636292
A	23	0	-22.0906	107.711	103.43	0.202825	0.275728	0.735597	0.735587
A	24	0	-36.2531	287.352	283.07	0.156086	0.275728	0.566087	0.566074
T	25	0	-30.1578	199.373	195.091	0.136671	0.230462	0.59303	0.593017
AA	26	0	-18.4494	75.5793	71.2977	0.0460297	0.0837778	0.549426	0.549412
A	27	0	-30.5022	203.914	199.632	0.175065	0.275728	0.63492	0.634907
C	28	0	-25.7003	145.237	140.955	0.152869	0.233117	0.655759	0.655746
C	29	0	-9.68389	21.7532	17.4716	0.20288	0.233117	0.87029	0.870283
A	30	0	-16.7364	62.4485	58.1669	0.220495	0.275728	0.799683	0.799674
ANCG	31	0	-6.14969	10.8957	6.61409	0.00539921	0.00989425	0.545692	0.545678
CG	32	0	-8.78842	18.1201	13.8385	0.0183246	0.0292635	0.626194	0.626181
GCG	33	0	-6.0978	10.6877	6.40617	0.00561736	0.0101258	0.554758	0.554744
CG	34	0	-8.83224	18.2899	14.0083	0.0182701	0.0292635	0.62433	0.624317
ANCG	35	0	-6.97044	14.1157	9.83416	0.0047993	0.00989425	0.485059	0.485046
ANCG	36	0	-7.49273	13.472	9.19044	0.00441754	0.00989425	0.446475	0.446462
AA	37	0	-7.41416	13.8864	9.60483	0.0686082	0.0837778	0.81893	0.818922
ANCG	38	0	-9.35806	20.3914	16.1098	0.0030541	0.00989425	0.308674	0.308663
GCG	39	0	-7.27802	15.4775	11.1959	0.00474476	0.0101258	0.468582	0.468568
CG	40	0	-8.83224	18.2899	14.0083	0.0182701	0.0292635	0.62433	0.624317
G	41	0	-7.08278	12.342	8.06044	0.237729	0.260692	0.911915	0.911911
