#kmer	position	shift	statistics	p-value	corrected.p	frac.obs	frac.exp	obs/exp	local.r
GGGA	1	0	3.64314	3.43563	-0	0.0052753	0.00280251	1.88235	1.88263
TTCT	2	0	3.41074	3.24407	-0	0.0102209	0.0066592	1.53485	1.53499
TNTT	3	0	5.25871	6.61568	2.3341	0.0451698	0.0330921	1.36497	1.36505
TNT	4	0	5.10353	6.51358	2.232	0.112924	0.0938184	1.20365	1.20369
TT	5	0	5.65588	7.75776	3.47618	0.122156	0.100338	1.21745	1.21749
T	6	0	5.5135	7.65844	3.37686	0.327399	0.295111	1.10941	1.10943
T	7	0	4.83787	6.1245	1.84292	0.323442	0.295111	1.096	1.09602
TNC	8	0	3.85165	4.09007	-0	0.065117	0.0539451	1.2071	1.20714
TTNA	9	0	6.8641	10.2413	5.9597	0.0453347	0.0302419	1.49907	1.49919
TNA	10	0	9.1494	19.5433	15.2617	0.125288	0.0914302	1.37032	1.3704
CA	11	0	6.84567	10.6131	6.33151	0.0913287	0.0690447	1.32275	1.32282
A	12	0	11.4592	29.9758	25.6942	0.408506	0.338866	1.20551	1.20555
ANAA	13	0	5.68807	7.62258	3.341	0.0609957	0.0457381	1.33359	1.33366
AAAA	14	0	5.98482	7.95638	3.6748	0.0293439	0.0188844	1.55387	1.55401
AAAA	15	0	10.7955	26.743	22.4614	0.0377514	0.0188844	1.99908	1.99941
AAA	16	0	9.05286	19.1572	14.8756	0.0728652	0.0480146	1.51756	1.51769
ANNG	17	0	16.42	60.1628	55.8812	0.114408	0.0631345	1.81214	1.81238
TNG	18	0	17.2096	65.9492	61.6676	0.106001	0.0554372	1.91209	1.91237
TG	19	0	16.8761	63.472	59.1904	0.115397	0.0628215	1.83691	1.83716
G	20	0	25.4901	142.897	138.615	0.315529	0.187728	1.68078	1.68097
GGT	22	0	21.9447	106.313	102.032	0.0390702	0.0104365	3.74362	3.74532
CGA	23	0	21.9963	106.806	102.525	0.0308276	0.0071056	4.33849	4.34088
GNNC	24	0	15.6936	55.0776	50.796	0.0670953	0.0317603	2.11255	2.11294
ANC	25	0	19.4777	84.0717	79.7901	0.119024	0.0597487	1.99208	1.9924
GCG	26	0	14.0927	44.6767	40.3951	0.0133531	0.00317448	4.20639	4.20862
CG	27	0	18.1432	73.1391	68.8575	0.0497857	0.018443	2.69944	2.7002
A	28	0	6.3052	9.73381	5.45223	0.377184	0.338866	1.11308	1.1131
AC	29	0	3.96932	4.28482	0.00324071	0.065117	0.053635	1.21408	1.21412
TAAA	30	0	4.5851	5.06339	0.781814	0.0156611	0.00984781	1.59031	1.59046
AAA	31	0	5.14931	6.47834	2.19676	0.0621497	0.0480146	1.29439	1.29445
AA	32	0	5.98046	8.59553	4.31395	0.151335	0.125865	1.20236	1.2024
TTTT	33	0	5.07589	5.99602	1.71444	0.0201121	0.0127891	1.57259	1.57274
TNT	34	0	5.49985	7.38371	3.10213	0.114408	0.0938184	1.21946	1.21951
T	35	0	4.47191	5.36947	1.08789	0.321299	0.295111	1.08874	1.08875
TNGC	36	0	5.46626	6.62644	2.34486	0.0164853	0.0096309	1.71171	1.71191
TNCT	37	0	3.71766	3.778	-0	0.0242334	0.0179039	1.35353	1.3536
GC	38	0	3.916	4.15246	-0	0.0428619	0.0337784	1.26891	1.26897
CT	39	0	4.58403	5.38298	1.1014	0.0675898	0.0542573	1.24573	1.24578
TC	40	0	3.50135	3.53768	-0	0.0649522	0.0547272	1.18684	1.18687
C	41	0	3.50417	3.6037	-0	0.195516	0.178295	1.09659	1.09661
TANC	1	0	-3.29711	3.54829	-0	0.00857237	0.0134486	0.637419	0.637381
GANG	2	0	-2.77422	2.65612	-0	0.0108803	0.0152446	0.713717	0.713683
CNA	3	0	-3.67328	4.05471	-0	0.0507748	0.0621624	0.816809	0.816785
GAC	4	0	-3.12449	3.28014	-0	0.00593472	0.0099081	0.598976	0.598937
ANNA	5	0	-3.93083	4.47578	0.194197	0.104187	0.120625	0.86373	0.86371
A	6	0	-4.76231	6.062	1.78042	0.309924	0.338866	0.914592	0.914579
A	7	0	-4.40967	5.31559	1.03401	0.312067	0.338866	0.920917	0.920905
A	8	0	-4.84369	6.24199	1.96041	0.30943	0.338866	0.913133	0.91312
ANNG	9	0	-3.69413	4.09174	-0	0.0515991	0.0631345	0.817289	0.817264
ANCA	10	0	-3.89842	4.62976	0.348185	0.0166502	0.0243679	0.683283	0.683247
CTNA	11	0	-3.77137	4.46006	0.178478	0.00972634	0.0157565	0.617291	0.617252
C	12	0	-5.61993	8.27666	3.99508	0.150676	0.178295	0.845094	0.845072
CA	13	0	-4.04258	4.75595	0.47437	0.0558853	0.0690447	0.809407	0.809382
ANC	14	0	-5.49483	8.30001	4.01843	0.0430267	0.0597487	0.720127	0.720094
TNNA	15	0	-5.28839	7.57014	3.28856	0.0771513	0.0972721	0.79315	0.793123
CNNA	16	0	-6.64154	11.9824	7.70085	0.037092	0.0568353	0.652622	0.652585
ANNA	17	0	-14.496	47.1926	42.9111	0.0600066	0.120625	0.497464	0.497423
ANA	18	0	-15.4173	53.2035	48.9219	0.0552258	0.119417	0.462462	0.462421
AA	19	0	-15.464	53.5181	49.2365	0.0600066	0.125865	0.476752	0.476711
A	20	0	-30.5594	204.673	200.392	0.153149	0.338866	0.451945	0.451904
AA	22	0	-8.30297	16.2944	12.0128	0.0905045	0.125865	0.719057	0.719024
A	23	0	-9.50941	21.0183	16.7367	0.281075	0.338866	0.829457	0.829434
A	24	0	-13.0901	38.7267	34.4452	0.259314	0.338866	0.765241	0.765212
T	25	0	-9.60365	21.4136	17.132	0.238872	0.295111	0.809431	0.809406
AA	26	0	-9.50294	20.9913	16.7097	0.085394	0.125865	0.678455	0.678419
A	27	0	-9.53654	21.1317	16.8501	0.28091	0.338866	0.828971	0.828947
C	28	0	-7.12943	12.8725	8.59094	0.143257	0.178295	0.803486	0.80346
GAG	29	0	-2.87668	2.8166	-0	0.0103858	0.0148537	0.699203	0.699168
A	30	0	-4.21979	4.93614	0.654564	0.313221	0.338866	0.924322	0.92431
GAC	31	0	-3.25412	3.52008	-0	0.00576986	0.0099081	0.582338	0.582298
G	32	0	-3.04983	2.95981	-0	0.172437	0.187728	0.918546	0.918534
TG	33	0	-3.33765	3.46335	-0	0.0524233	0.0628215	0.834481	0.834459
G	34	0	-3.9376	4.44995	0.16837	0.167985	0.187728	0.894836	0.894821
AANT	35	0	-3.81986	4.40771	0.12613	0.0253874	0.0343155	0.739823	0.739791
ANT	36	0	-4.64995	6.01883	1.73726	0.0750082	0.0922882	0.812761	0.812735
ANAA	37	0	-3.89933	4.524	0.242424	0.0352786	0.0457381	0.771317	0.771288
ANA	38	0	-3.18276	3.17902	-0	0.106166	0.119417	0.88903	0.889014
A	39	0	-3.32462	3.35641	-0	0.318661	0.338866	0.940376	0.940367
A	40	0	-4.13841	4.77831	0.496734	0.313716	0.338866	0.925781	0.92577
A	41	0	-2.15819	1.80199	-0	0.32575	0.338866	0.961295	0.961289
