#kmer	position	shift	statistics	p-value	corrected.p	frac.obs	frac.exp	obs/exp	local.r
TNNT	1	0	7.97857	14.6122	10.3306	0.103344	0.0905217	1.14165	1.14166
TNNT	2	0	10.0869	23.5007	19.2191	0.106733	0.0905217	1.17908	1.17909
TNNT	3	0	10.4578	25.1707	20.8892	0.107329	0.0905217	1.18567	1.18568
TNT	4	0	12.617	36.07	31.7884	0.115643	0.0949283	1.21821	1.21822
TT	5	0	12.3414	34.567	30.2854	0.11831	0.097778	1.20998	1.20999
T	6	0	13.2324	39.5451	35.2635	0.323743	0.290108	1.11594	1.11595
T	7	0	11.0231	27.8303	23.5487	0.318128	0.290108	1.09658	1.09659
T	8	0	9.70247	21.8322	17.5507	0.314771	0.290108	1.08501	1.08501
TNNA	9	0	19.2946	82.5256	78.244	0.127251	0.0954895	1.33262	1.33263
TNA	10	0	21.2965	100.214	95.9323	0.122514	0.0886141	1.38255	1.38257
TA	11	0	17.0455	64.7239	60.4423	0.100113	0.0749702	1.33537	1.33538
A	12	0	28.0721	172.969	168.688	0.412938	0.338532	1.21979	1.2198
ANAA	13	0	15.5294	53.9595	49.6779	0.0667943	0.0481691	1.38666	1.38668
AAAA	14	0	22.3722	110.435	106.154	0.0397503	0.0215528	1.84432	1.84437
AAAA	15	0	44.3191	300	295.718	0.0576018	0.0215528	2.67259	2.67273
AAA	16	0	37.3054	304.174	299.892	0.0964422	0.0506304	1.90483	1.90488
AANG	17	0	54.7428	300	295.718	0.0688649	0.0229497	3.00068	3.00087
ANG	18	0	42.2036	300	295.718	0.12198	0.0640865	1.90337	1.90342
CG	19	0	58.6506	300	295.718	0.0867164	0.0303555	2.8567	2.85687
G	20	0	70.044	300	295.718	0.345548	0.19125	1.80679	1.80683
GGTG	22	0	38.2332	319.402	315.121	0.0130514	0.00245457	5.31719	5.31791
CGA	23	0	73.5351	300	295.718	0.0593901	0.0129042	4.60239	4.60291
GCTC	24	0	37.4586	306.663	302.381	0.0116082	0.00207065	5.60606	5.60687
AACG	25	0	38.4247	322.607	318.326	0.0160005	0.00342549	4.67101	4.67154
GCG	26	0	76.4115	300	295.718	0.0374914	0.00558771	6.70962	6.71082
CGGC	27	0	38.1294	317.681	313.399	0.00887871	0.00127063	6.98765	6.98897
G	28	0	35.2648	271.993	267.711	0.268934	0.19125	1.40619	1.40621
AT	29	0	14.096	44.6968	40.4152	0.114168	0.0914138	1.24892	1.24893
T	30	0	10.8874	27.179	22.8975	0.317783	0.290108	1.09539	1.0954
ATT	31	0	7.41611	12.418	8.13645	0.0342599	0.0274703	1.24716	1.24717
TT	32	0	12.4168	34.9751	30.6936	0.118435	0.097778	1.21127	1.21127
TT	33	0	11.6814	31.1003	26.8188	0.117212	0.097778	1.19875	1.19876
TT	34	0	10.7196	26.3852	22.1036	0.115611	0.097778	1.18239	1.18239
T	35	0	8.76443	18.0275	13.7459	0.312386	0.290108	1.07679	1.0768
T	36	0	7.90045	14.6993	10.4177	0.31019	0.290108	1.06922	1.06923
CT	37	0	6.77824	10.7773	6.49572	0.0597666	0.0513844	1.16313	1.16313
CNT	38	0	7.59044	13.1707	8.88911	0.0598607	0.0505468	1.18426	1.18427
CNT	39	0	6.41431	9.77753	5.49595	0.0584175	0.0505468	1.15571	1.15572
T	40	0	6.3206	9.81096	5.52938	0.306174	0.290108	1.05538	1.05538
T	41	0	7.1599	12.281	7.99944	0.308308	0.290108	1.06273	1.06274
ANCG	1	0	-7.5024	15.3525	11.071	0.0074669	0.0120524	0.619537	0.61953
GNNA	2	0	-6.6514	11.262	6.98043	0.0544017	0.063486	0.856909	0.856905
CGA	3	0	-8.35297	16.4778	12.1962	0.00762377	0.0129042	0.590799	0.590791
ANNA	4	0	-8.32143	16.362	12.0804	0.105635	0.120826	0.874271	0.874267
ANNA	5	0	-9.95406	22.9171	18.6355	0.102654	0.120826	0.849603	0.849599
A	6	0	-9.31975	20.2343	15.9527	0.313829	0.338532	0.927031	0.927029
A	7	0	-11.9238	32.3519	28.0703	0.306927	0.338532	0.906642	0.906639
A	8	0	-13.8532	43.2157	38.9341	0.301813	0.338532	0.891536	0.891533
ANNG	9	0	-8.08834	15.5194	11.2378	0.0526448	0.0637097	0.826322	0.826318
ANC	10	0	-7.96546	15.9546	11.673	0.0539939	0.0649923	0.830773	0.830769
TCNA	11	0	-10.0619	23.3903	19.1087	0.0116396	0.0194161	0.599481	0.599474
CNA	12	0	-13.8077	42.9414	38.6598	0.0446759	0.0635419	0.703094	0.703088
C	13	0	-10.6671	26.1392	21.8576	0.15715	0.18011	0.872522	0.872519
ANG	14	0	-13.7612	42.6611	38.3795	0.0452093	0.0640865	0.705442	0.705435
ANTA	15	0	-10.0682	23.4181	19.1365	0.0153417	0.0239669	0.640119	0.640111
TNNA	16	0	-25.7415	145.698	141.416	0.0531154	0.0954895	0.556243	0.556236
TNNA	17	0	-29.0006	184.49	180.209	0.0477505	0.0954895	0.500061	0.500053
TNA	18	0	-29.4361	190.023	185.742	0.0417582	0.0886141	0.471236	0.471228
A	19	0	-51.5054	300	295.718	0.202014	0.338532	0.596736	0.596728
A	20	0	-55.7193	300	295.718	0.190845	0.338532	0.563744	0.563736
ANA	22	0	-25.7583	145.886	141.605	0.0753906	0.122732	0.614268	0.61426
AA	23	0	-24.3585	130.627	126.346	0.0813829	0.126779	0.641928	0.641921
A	24	0	-42.7345	300	295.718	0.225262	0.338532	0.665408	0.665401
T	25	0	-38.1373	317.812	313.531	0.193167	0.290108	0.665845	0.665838
AG	26	0	-17.0079	64.4448	60.1632	0.0416327	0.0651417	0.63911	0.639103
G	27	0	-32.7127	234.288	230.006	0.119188	0.19125	0.623206	0.623198
C	28	0	-25.4324	142.258	137.976	0.125369	0.18011	0.696067	0.69606
C	29	0	-14.6171	47.9617	43.6801	0.148648	0.18011	0.825316	0.825312
A	30	0	-16.0548	57.5773	53.2958	0.295978	0.338532	0.874298	0.874295
AG	31	0	-6.45349	10.6399	6.35831	0.0562214	0.0651417	0.863063	0.86306
G	32	0	-10.9793	27.619	23.3375	0.167064	0.19125	0.873538	0.873534
G	33	0	-10.4096	24.9504	20.6688	0.168319	0.19125	0.880099	0.880096
CG	34	0	-5.86195	9.08665	4.80507	0.0247223	0.0303555	0.814428	0.814423
AAAA	35	0	-6.94177	12.6768	8.39517	0.0159064	0.0215528	0.738019	0.738013
AAA	36	0	-6.68836	11.4479	7.1663	0.042417	0.0506304	0.837777	0.837773
CGA	37	0	-8.10482	15.5782	11.2966	0.00778064	0.0129042	0.602955	0.602947
A	38	0	-7.75731	14.4775	10.1959	0.317971	0.338532	0.939264	0.939262
AA	39	0	-7.06958	12.4213	8.13975	0.113604	0.126779	0.896076	0.896073
A	40	0	-6.32508	9.95352	5.67194	0.321767	0.338532	0.950477	0.950476
A	41	0	-5.93447	8.87549	4.59391	0.322802	0.338532	0.953536	0.953534
