#kmer	position	shift	statistics	p-value	corrected.p	frac.obs	frac.exp	obs/exp	local.r
GGNA	1	0	3.6321	3.25345	-0	0.0382514	0.0150992	2.53333	2.54402
GATC	2	0	4.36034	3.59458	-0	0.0163934	0.00330745	4.95652	5.01084
ATCG	3	0	3.6422	2.96361	-0	0.0136612	0.00309175	4.4186	4.46038
ATTT	4	0	2.95499	2.48871	-0	0.0218579	0.00805292	2.71429	2.72709
CGNG	5	0	3.3826	3.0453	-0	0.0491803	0.0227926	2.15773	2.16459
GNG	6	0	3.41421	3.23828	-0	0.10929	0.0652235	1.67562	1.67872
ACCC	7	0	3.51216	2.86404	-0	0.0136612	0.00323555	4.22222	4.25983
ANCT	8	0	2.81713	2.39824	-0	0.0300546	0.0132298	2.27174	2.27968
AGCC	9	0	4.00548	3.23841	-0	0.0136612	0.00273224	5	5.0554
CNNT	10	0	3.42992	3.24351	-0	0.101093	0.058887	1.71673	1.72011
TGNT	11	0	3.1661	2.75803	-0	0.0355191	0.015243	2.33019	2.33871
AANA	12	0	3.37959	3.08235	-0	0.0601093	0.0299827	2.0048	2.01033
ANAA	13	0	5.81679	6.47208	2.1905	0.0819672	0.0300546	2.72727	2.74024
GAAG	14	0	4.05382	3.41463	-0	0.0191257	0.00467357	4.09231	4.12727
AAAT	15	0	5.45341	5.09194	0.81036	0.0327869	0.00776531	4.22222	4.25983
AAT	16	0	3.42987	3.09722	-0	0.0491803	0.0225585	2.18012	2.1872
GNNG	17	0	3.78598	3.71785	-0	0.106557	0.0596779	1.78554	1.78939
TNT	18	0	3.79394	3.78371	-0	0.131148	0.0779739	1.68194	1.68509
GG	19	0	3.10022	2.83547	-0	0.0983607	0.0599044	1.64196	1.64485
G	20	0	3.64061	3.77057	-0	0.311475	0.231241	1.34697	1.34826
GNG	22	0	5.31943	6.12836	1.84678	0.13388	0.0652235	2.05263	2.05857
CG	23	0	5.50615	6.38697	2.1054	0.125683	0.058265	2.15709	2.16395
GNNC	24	0	6.43446	8.15698	3.8754	0.144809	0.0630572	2.29647	2.30465
GNCG	25	0	10.0966	12.875	8.59347	0.079235	0.0150273	5.27273	5.33518
ACG	26	0	5.6913	5.70757	1.42599	0.0464481	0.0128906	3.60326	3.62914
CG	27	0	8.40706	12.2292	7.94767	0.161202	0.058265	2.76671	2.78016
A	28	0	3.98172	4.3647	0.0831164	0.363388	0.270892	1.34145	1.34271
AGA	29	0	4.42895	4.21274	-0	0.0464481	0.0167437	2.77406	2.78761
GNA	30	0	4.12316	4.19644	-0	0.112022	0.0605997	1.84855	1.85286
CNAA	31	0	2.34329	1.97092	-0	0.0382514	0.0207794	1.84083	1.84508
CATT	32	0	3.76379	3.16643	-0	0.0191257	0.00510498	3.74648	3.77488
ATTC	33	0	3.33322	2.76389	-0	0.0163934	0.00460167	3.5625	3.58769
TTC	34	0	3.43468	3.07662	-0	0.0437158	0.0191257	2.28571	2.29379
AAGG	35	0	4.03124	3.4508	-0	0.0218579	0.00582399	3.75309	3.78161
AGGG	36	0	4.36034	3.59458	-0	0.0163934	0.00330745	4.95652	5.01084
AAGT	37	0	3.27337	2.67986	-0	0.0136612	0.00352315	3.87755	3.90836
TNT	38	0	3.40405	3.25077	-0	0.125683	0.0779739	1.61186	1.61457
TGC	39	0	2.05166	1.71303	-0	0.0273224	0.0145019	1.88406	1.88863
GC	40	0	1.59321	1.30611	-0	0.0846995	0.064276	1.31775	1.3189
T	41	0	1.5561	1.26266	-0	0.295082	0.25943	1.13743	1.13785
C	1	0	-2.36354	2.03263	-0	0.185792	0.238438	0.779206	0.778735
CNG	2	0	-2.29213	2.02733	-0	0.0245902	0.0509318	0.482806	0.482123
AG	3	0	-1.88626	1.50565	-0	0.0327869	0.0553279	0.592593	0.591932
TG	4	0	-2.91392	3.05053	-0	0.0218579	0.0572404	0.381862	0.381216
GNNC	5	0	-3.02765	3.24368	-0	0.0245902	0.0630572	0.389966	0.389315
GNC	6	0	-1.92048	1.54476	-0	0.0327869	0.0558358	0.587202	0.586539
TNNA	7	0	-1.73142	1.33975	-0	0.0464481	0.0694564	0.668737	0.668131
CG	8	0	-2.75029	2.74227	-0	0.0245902	0.058265	0.42204	0.421373
GNG	9	0	-2.08978	1.74474	-0	0.0382514	0.0652235	0.586466	0.585802
GG	10	0	-3.06718	3.34225	-0	0.0218579	0.0599044	0.36488	0.364246
GNC	11	0	-3.28642	3.86196	-0	0.0163934	0.0558358	0.293601	0.293034
TA	12	0	-2.11489	1.78198	-0	0.0300546	0.0553279	0.54321	0.542531
C	13	0	-2.73153	2.52057	-0	0.177596	0.238438	0.74483	0.744309
GNNC	14	0	-2.16746	1.84466	-0	0.0355191	0.0630572	0.563284	0.562611
ANNC	15	0	-1.79323	1.40305	-0	0.0355191	0.0573051	0.619824	0.619179
CC	16	0	-2.61844	2.51177	-0	0.0273224	0.0597678	0.457143	0.456464
CNNA	17	0	-2.63177	2.54398	-0	0.0245902	0.0562985	0.436782	0.436109
ANC	18	0	-2.16348	1.84197	-0	0.0327869	0.0595488	0.550588	0.549911
AC	19	0	-2.77621	2.80245	-0	0.0218579	0.054918	0.39801	0.397355
C	20	0	-4.32617	5.46499	1.18341	0.142077	0.238438	0.595864	0.595205
CG	22	0	-3.41973	4.16018	-0	0.0163934	0.058265	0.28136	0.280807
CA	23	0	-2.89828	2.98718	-0	0.0273224	0.0645492	0.42328	0.422613
A	24	0	-2.36953	2.03312	-0	0.215847	0.270892	0.796802	0.796359
CNNC	25	0	-3.64532	4.76113	0.479554	0.0136612	0.0583118	0.234279	0.233788
CNC	26	0	-3.80097	5.08658	0.805003	0.0163934	0.0655738	0.25	0.249487
CC	27	0	-3.27994	3.80825	-0	0.0191257	0.0597678	0.32	0.319405
C	28	0	-4.69416	6.35752	2.07594	0.13388	0.238438	0.561487	0.560813
TC	29	0	-2.02347	1.66523	-0	0.0355191	0.0607923	0.58427	0.583605
ANNT	30	0	-2.6287	2.50302	-0	0.0355191	0.0707506	0.502033	0.501349
TNNC	31	0	-2.24448	1.94881	-0	0.0327869	0.0608283	0.539007	0.538327
CC	32	0	-1.95694	1.58639	-0	0.0355191	0.0597678	0.594286	0.593626
GC	33	0	-2.03014	1.6721	-0	0.0382514	0.064276	0.595112	0.594452
CNNC	34	0	-2.75307	2.74704	-0	0.0245902	0.0583118	0.421702	0.421035
CNC	35	0	-1.90048	1.52082	-0	0.0409836	0.0655738	0.625	0.624359
GG	36	0	-1.96586	1.59681	-0	0.0355191	0.0599044	0.59293	0.59227
GNA	37	0	-1.79195	1.40196	-0	0.0382514	0.0605997	0.631214	0.630577
ANNG	38	0	-2.43206	2.22373	-0	0.0273224	0.0567299	0.481622	0.480939
ANG	39	0	-1.76398	1.3723	-0	0.0382514	0.0601793	0.635623	0.634989
CG	40	0	-2.30399	2.03404	-0	0.0300546	0.058265	0.515827	0.515143
G	41	0	-1.93823	1.54925	-0	0.188525	0.231241	0.815274	0.814861
