#kmer	position	shift	statistics	p-value	corrected.p	frac.obs	frac.exp	obs/exp	local.r
CT	1	0	4.93779	6.20105	1.91947	0.0711117	0.0615279	1.15576	1.15577
T	2	0	6.99188	11.6109	7.32929	0.219076	0.19663	1.11415	1.11416
CNT	3	0	6.92961	11.1104	6.82881	0.0808325	0.0668527	1.20911	1.20913
GA	4	0	7.92321	14.0795	9.79795	0.0814196	0.0655777	1.24157	1.24159
T	5	0	8.84122	18.3248	14.0432	0.225013	0.19663	1.14434	1.14436
CNTC	6	0	7.04637	11.0845	6.80294	0.036404	0.0271536	1.34067	1.3407
GA	7	0	6.84644	10.8711	6.58948	0.0792667	0.0655777	1.20874	1.20876
T	8	0	8.33316	15.9546	11.673	0.223382	0.19663	1.13605	1.13606
GNNC	9	0	14.047	44.3959	40.1143	0.112865	0.081775	1.38019	1.38023
GNC	10	0	14.955	50.1414	45.8598	0.134786	0.0987501	1.36492	1.36495
TC	11	0	14.1554	45.0633	40.7817	0.0989692	0.0698297	1.41729	1.41733
C	12	0	24.7673	134.996	130.715	0.39953	0.307238	1.30039	1.30042
GTNG	13	0	8.64913	15.4775	11.1959	0.0277923	0.0184029	1.51022	1.51027
TNG	14	0	11.8661	32.0519	27.7703	0.0852036	0.0620768	1.37255	1.37258
CNA	15	0	11.7081	31.237	26.9554	0.0898356	0.0663057	1.35487	1.3549
GNNG	16	0	16.1383	58.1631	53.8816	0.137852	0.0989332	1.39339	1.39342
ANNG	17	0	22.5383	112.058	107.776	0.0979906	0.0560996	1.74673	1.74681
GNG	18	0	20.0363	88.8765	84.595	0.122847	0.0791546	1.55199	1.55204
GG	19	0	32.7219	234.419	230.137	0.148747	0.0779081	1.90927	1.90938
G	20	0	30.7322	206.976	202.695	0.40612	0.293127	1.38547	1.38551
GGC	22	0	34.5283	260.822	256.54	0.0769181	0.029629	2.59604	2.59631
GC	23	0	22.4105	110.808	106.527	0.150052	0.0965831	1.55361	1.55366
CNNC	24	0	25.0455	138.01	133.729	0.171581	0.108632	1.57948	1.57954
GNCA	25	0	23.539	122.09	117.808	0.0509525	0.0226589	2.24867	2.24886
ACA	26	0	15.9989	57.187	52.9054	0.0283142	0.0134361	2.10732	2.10747
CA	27	0	26.188	150.739	146.458	0.124935	0.0707121	1.76681	1.7669
A	28	0	15.7701	55.6024	51.3208	0.254241	0.203005	1.25239	1.25241
ANNA	29	0	9.32484	20.2551	15.9735	0.0637396	0.0476888	1.33657	1.3366
CNT	30	0	9.64606	21.5928	17.3112	0.0863126	0.0668527	1.29109	1.29111
GA	31	0	8.4779	15.9546	11.673	0.0825287	0.0655777	1.25849	1.25851
A	32	0	10.6696	26.1513	21.8697	0.23767	0.203005	1.17076	1.17077
CNA	33	0	5.21561	6.80657	2.52499	0.0767876	0.0663057	1.15808	1.1581
AA	34	0	5.88435	8.26659	3.98501	0.0530402	0.0433602	1.22325	1.22326
A	35	0	6.73385	10.8631	6.58152	0.224883	0.203005	1.10777	1.10778
CNNC	36	0	7.4209	12.7224	8.44078	0.127283	0.108632	1.1717	1.17171
GNC	37	0	6.04741	8.84432	4.56274	0.113322	0.0987501	1.14756	1.14758
ACNT	38	0	6.34644	8.9645	4.68292	0.0180063	0.0123458	1.45849	1.45853
C	39	0	9.43064	20.6908	16.4092	0.34238	0.307238	1.11438	1.11439
GT	40	0	5.35095	7.07425	2.79267	0.0633481	0.0536127	1.18159	1.1816
T	41	0	9.06477	19.2046	14.923	0.225731	0.19663	1.14799	1.14801
CNNC	1	0	-5.55748	8.09917	3.81759	0.0946634	0.108632	0.871416	0.871409
CNNC	2	0	-7.81572	15.2556	10.974	0.0889875	0.108632	0.819167	0.819158
ANC	3	0	-7.63187	14.9546	10.673	0.0478862	0.0628463	0.761958	0.761946
C	4	0	-7.90193	15.1095	10.8279	0.277792	0.307238	0.90416	0.904155
C	5	0	-10.9833	27.6383	23.3567	0.26631	0.307238	0.866788	0.86678
ANC	6	0	-7.26576	13.5854	9.3038	0.0486039	0.0628463	0.773377	0.773366
CC	7	0	-7.45309	14.0973	9.81568	0.0670016	0.0836704	0.80078	0.800769
C	8	0	-9.91531	22.7482	18.4666	0.27029	0.307238	0.879741	0.879734
GNNG	9	0	-7.61386	14.5929	10.3113	0.0805715	0.0989332	0.814403	0.814394
CNNC	10	0	-8.51655	17.0852	12.8036	0.087226	0.108632	0.802952	0.802942
GNC	11	0	-9.84552	22.4457	18.1641	0.0750261	0.0987501	0.759757	0.759745
A	12	0	-11.7202	31.2991	27.0176	0.164927	0.203005	0.812428	0.812419
C	13	0	-13.5219	41.236	36.9544	0.25685	0.307238	0.835998	0.835989
CNNC	14	0	-13.4483	40.8029	36.5213	0.0748304	0.108632	0.688845	0.688831
GNC	15	0	-11.8491	31.9633	27.6818	0.0701983	0.0987501	0.710869	0.710855
C	16	0	-15.3427	52.7028	48.4212	0.250065	0.307238	0.813914	0.813904
CNNC	17	0	-26.6603	156.168	151.886	0.0416232	0.108632	0.383159	0.383144
GNC	18	0	-24.6013	133.214	128.932	0.0394703	0.0987501	0.399698	0.399683
GC	19	0	-20.6564	94.3688	90.0872	0.0472991	0.0965831	0.489724	0.489708
C	20	0	-43.9327	300	295.718	0.143528	0.307238	0.467157	0.46714
C	22	0	-21.4353	101.505	97.2231	0.227362	0.307238	0.740019	0.740006
C	23	0	-21.3128	100.365	96.083	0.227818	0.307238	0.741505	0.741492
A	24	0	-12.7845	36.9995	32.7179	0.161469	0.203005	0.795396	0.795385
C	25	0	-15.7629	55.5526	51.271	0.248499	0.307238	0.808818	0.808808
CG	26	0	-11.4889	30.1251	25.8435	0.0650444	0.091845	0.708197	0.708184
G	27	0	-15.5449	54.0645	49.783	0.235973	0.293127	0.805021	0.805011
C	28	0	-15.5703	54.2369	49.9554	0.249217	0.307238	0.811154	0.811144
C	29	0	-14.5548	47.5653	43.2837	0.253001	0.307238	0.82347	0.82346
A	30	0	-8.06554	15.9546	11.673	0.176801	0.203005	0.870918	0.870911
CG	31	0	-6.90231	12.1422	7.86063	0.0757437	0.091845	0.824691	0.824682
C	32	0	-9.86278	22.5203	18.2388	0.270485	0.307238	0.880378	0.880371
GNC	33	0	-4.97205	6.65313	2.37155	0.0867693	0.0987501	0.878676	0.878669
CC	34	0	-5.90705	9.11117	4.82959	0.0704593	0.0836704	0.842105	0.842097
C	35	0	-7.51676	13.7424	9.46082	0.279228	0.307238	0.908832	0.908827
TC	36	0	-6.06435	9.61583	5.33426	0.057346	0.0698297	0.821227	0.821217
CNA	37	0	-5.39957	7.78289	3.50131	0.0554541	0.0663057	0.83634	0.836331
CGNC	38	0	-5.77503	8.98356	4.70198	0.0279228	0.0366924	0.760996	0.760984
A	39	0	-7.54344	14.0003	9.71877	0.178497	0.203005	0.879274	0.879267
CG	40	0	-5.42005	7.77201	3.49043	0.0792015	0.091845	0.862338	0.862331
G	41	0	-6.03393	9.19491	4.91333	0.270942	0.293127	0.924317	0.924312
