#kmer	position	shift	statistics	p-value	corrected.p	frac.obs	frac.exp	obs/exp	local.r
TCCT	1	0	2.82182	2.46665	-0	0.0115188	0.00674735	1.70715	1.70767
ATCC	2	0	3.30999	2.92531	-0	0.00682594	0.00305371	2.23529	2.23647
AAG	3	0	3.05942	2.78817	-0	0.0217577	0.0142645	1.52531	1.52565
AAA	4	0	3.90402	3.97525	-0	0.0341297	0.022239	1.53468	1.53503
CTC	5	0	3.62334	3.57303	-0	0.0341297	0.0229282	1.48855	1.48886
GGAG	6	0	4.10195	4.06973	-0	0.015785	0.00816194	1.93398	1.93475
CTG	7	0	3.9003	3.99739	-0	0.0396758	0.0266912	1.48648	1.48678
ANT	8	0	3.4509	3.40693	-0	0.0665529	0.0508882	1.30782	1.308
CNTT	9	0	3.18451	2.94447	-0	0.0226109	0.014696	1.53858	1.53893
T	10	0	3.54665	3.67119	-0	0.263225	0.23229	1.13318	1.13324
TNNA	11	0	3.1574	3.0017	-0	0.0695392	0.0547086	1.27109	1.27123
CATG	12	0	2.97953	2.59682	-0	0.00767918	0.00386204	1.98837	1.98921
CGTG	13	0	3.42315	3.04478	-0	0.00682594	0.00297512	2.29434	2.29561
GTG	14	0	4.92151	5.5678	1.28622	0.0328498	0.0189792	1.73084	1.73138
TG	15	0	4.62339	5.37852	1.09694	0.0955631	0.0710324	1.34535	1.34554
GGNG	16	0	7.01081	10.014	5.73243	0.0541809	0.0296277	1.82872	1.82937
GNGG	17	0	7.64496	11.5379	7.25635	0.0567406	0.0298635	1.9	1.90073
GGG	18	0	7.51028	11.2089	6.92731	0.056314	0.0298963	1.88364	1.88435
GG	19	0	7.42547	11.9065	7.62496	0.130119	0.0869134	1.49712	1.49743
A	20	0	7.02096	11.4625	7.18096	0.295222	0.23384	1.26249	1.26263
G	22	0	28.2447	175.082	170.801	0.522611	0.265109	1.97131	1.97213
G	23	0	7.1402	11.8977	7.61614	0.330205	0.265109	1.24555	1.24568
GTGT	24	0	4.36646	4.26022	-0	0.0102389	0.00432235	2.36883	2.37022
TAAC	25	0	4.18943	3.82574	-0	0.0059727	0.00205452	2.9071	2.90947
CCT	26	0	4.06602	4.23632	-0	0.0375427	0.0245471	1.52941	1.52976
CT	27	0	4.30851	4.82285	0.541267	0.0989761	0.0754693	1.31148	1.31165
ATAG	28	0	3.31176	2.8583	-0	0.00469283	0.0017963	2.6125	2.6143
GTTG	29	0	2.79277	2.37332	-0	0.00511945	0.00233519	2.19231	2.19342
AGT	30	0	3.04597	2.75705	-0	0.0183447	0.0116063	1.58058	1.58098
TNT	31	0	3.77034	3.91432	-0	0.0870307	0.0674937	1.28947	1.28962
TNTG	32	0	2.58763	2.25231	-0	0.0255973	0.0184121	1.39024	1.39048
TCTT	33	0	3.09261	2.73959	-0	0.00938567	0.00491737	1.90868	1.90942
TTAG	34	0	3.4568	3.03611	-0	0.00554608	0.00220047	2.52041	2.52204
CTNA	35	0	3.38574	3.20954	-0	0.024744	0.0159758	1.54884	1.5492
ANNT	36	0	3.25483	3.13695	-0	0.0716724	0.0561905	1.27552	1.27567
TG	37	0	2.45241	2.13101	-0	0.0840444	0.0710324	1.18318	1.18328
ANNA	38	0	3.58087	3.6174	-0	0.0814846	0.0634543	1.28415	1.2843
CAA	39	0	3.17854	2.93319	-0	0.0217577	0.0140347	1.55027	1.55064
AA	40	0	2.56747	2.26143	-0	0.0755119	0.06266	1.20511	1.20521
A	41	0	3.5075	3.60966	-0	0.264505	0.23384	1.13114	1.1312
CG	1	0	-3.70841	4.34243	0.0608511	0.0213311	0.0355055	0.600781	0.600679
CG	2	0	-3.70841	4.34243	0.0608511	0.0213311	0.0355055	0.600781	0.600679
ANCG	3	0	-2.74637	2.84607	-0	0.00213311	0.00679226	0.31405	0.313958
CNNG	4	0	-2.80839	2.66205	-0	0.0593003	0.0745352	0.795602	0.795532
GNCG	5	0	-3.08266	3.36678	-0	0.00469283	0.0114739	0.409002	0.408899
GNCG	6	0	-2.88872	2.98864	-0	0.00511945	0.0114739	0.446184	0.446079
CG	7	0	-4.48972	6.20723	1.92565	0.0183447	0.0355055	0.516672	0.516565
GNCG	8	0	-3.85843	5.2884	1.00682	0.00298635	0.0114739	0.260274	0.260192
CAC	9	0	-3.29976	3.66282	-0	0.00981229	0.0191542	0.512279	0.512172
CG	10	0	-4.26649	5.62797	1.34639	0.019198	0.0355055	0.540703	0.540597
CG	11	0	-3.70841	4.34243	0.0608511	0.0213311	0.0355055	0.600781	0.600679
GNC	12	0	-3.43319	3.6829	-0	0.0524744	0.0706441	0.7428	0.742718
TNAC	13	0	-3.22521	3.63588	-0	0.00511945	0.0125292	0.408602	0.408499
C	14	0	-3.35347	3.42326	-0	0.238055	0.268761	0.885749	0.885705
AC	15	0	-3.53135	3.91136	-0	0.0349829	0.0510346	0.685475	0.685383
CNNC	16	0	-4.86864	6.80022	2.51864	0.0524744	0.0797108	0.65831	0.658214
ANNC	17	0	-4.96105	7.21522	2.93364	0.0337031	0.0575714	0.585413	0.58531
ANC	18	0	-5.11255	7.66773	3.38616	0.03157	0.0558108	0.565661	0.565556
C	19	0	-7.87286	15.6536	11.372	0.196672	0.268761	0.731774	0.731691
C	20	0	-9.08424	19.2822	15.0007	0.18558	0.268761	0.690503	0.690412
C	22	0	-12.4388	35.0947	30.8131	0.154863	0.268761	0.576213	0.576109
C	23	0	-5.82282	8.82281	4.54123	0.215444	0.268761	0.801618	0.80155
CG	24	0	-3.93164	4.82981	0.548232	0.0204778	0.0355055	0.57675	0.576646
ANCG	25	0	-2.49489	2.38447	-0	0.00255973	0.00679226	0.37686	0.376759
CG	26	0	-4.82457	7.15142	2.86984	0.0170648	0.0355055	0.480625	0.480518
GNG	27	0	-3.66301	4.08502	-0	0.0622867	0.0831802	0.748816	0.748736
CG	28	0	-3.70841	4.34243	0.0608511	0.0213311	0.0355055	0.600781	0.600679
GCG	29	0	-3.3349	3.9069	-0	0.00426621	0.011661	0.365854	0.365755
CG	30	0	-2.92711	2.89518	-0	0.0243174	0.0355055	0.68489	0.684798
CCG	31	0	-3.29061	3.83588	-0	0.00383959	0.0108952	0.35241	0.352312
CG	32	0	-4.04326	5.08672	0.805141	0.0200512	0.0355055	0.564734	0.564629
GNCG	33	0	-3.08266	3.36678	-0	0.00469283	0.0114739	0.409002	0.408899
CG	34	0	-3.5968	4.11158	-0	0.0217577	0.0355055	0.612797	0.612695
CG	35	0	-4.48972	6.20723	1.92565	0.0183447	0.0355055	0.516672	0.516565
CG	36	0	-4.60134	6.51167	2.2301	0.0179181	0.0355055	0.504656	0.504549
CG	37	0	-3.5968	4.11158	-0	0.0217577	0.0355055	0.612797	0.612695
CNNG	38	0	-3.59482	3.97242	-0	0.0550341	0.0745352	0.738364	0.738282
GNG	39	0	-3.58821	3.94473	-0	0.0627133	0.0831802	0.753945	0.753866
CG	40	0	-4.15487	5.3527	1.07113	0.0196246	0.0355055	0.552719	0.552613
G	41	0	-4.5585	5.70356	1.42198	0.223549	0.265109	0.843237	0.843181
