#kmer	position	shift	statistics	p-value	corrected.p	frac.obs	frac.exp	obs/exp	local.r
GGG	1	0	2.94546	2.57758	-0	0.0106061	0.00564621	1.87844	1.87927
GG	2	0	3.85806	3.94548	-0	0.0489899	0.0334091	1.46636	1.46671
AGGT	3	0	3.71187	3.2976	-0	0.00656566	0.00244551	2.68478	2.68707
TTT	4	0	2.82675	2.55636	-0	0.0550505	0.0422688	1.30239	1.30259
TTT	5	0	3.49693	3.4444	-0	0.0580808	0.0422688	1.37408	1.37434
TTT	6	0	3.27354	3.13342	-0	0.0570707	0.0422688	1.35018	1.35042
ATG	7	0	3.47016	3.30885	-0	0.0267677	0.0167573	1.59737	1.59785
TG	8	0	3.14273	2.98077	-0	0.0772727	0.0604419	1.27846	1.27864
GCT	9	0	3.265	3.01274	-0	0.020202	0.0121601	1.66134	1.6619
CTGA	10	0	3.58705	3.23511	-0	0.00858586	0.00369484	2.32374	2.3253
ACNG	11	0	3.36307	3.11351	-0	0.0176768	0.0101143	1.7477	1.74836
CNNG	12	0	3.75178	3.79336	-0	0.050505	0.035008	1.44267	1.443
ANAA	13	0	5.10172	6.08974	1.80816	0.0631313	0.0405237	1.55789	1.55833
AAAA	14	0	7.76619	11.1263	6.84473	0.0414141	0.0181287	2.28446	2.28594
AAAA	15	0	9.28219	14.7505	10.4689	0.0459596	0.0181287	2.53519	2.53716
AANT	16	0	10.3605	24.7268	20.4452	0.0727273	0.0318448	2.28381	2.28529
ANNG	17	0	13.81	42.9553	38.6737	0.128283	0.0565789	2.26732	2.26878
TNG	18	0	11.0282	27.8549	23.5733	0.111616	0.0550764	2.02657	2.02762
TG	19	0	10.027	23.2367	18.9551	0.114141	0.0604419	1.88845	1.8893
G	20	0	10.7523	26.5391	22.2575	0.272222	0.17949	1.51664	1.51704
AGTA	22	0	9.26681	12.1142	7.83265	0.0181818	0.00439926	4.13293	4.13948
GT	23	0	8.861	15.1764	10.8949	0.0919192	0.048952	1.87774	1.87857
GAA	24	0	6.80806	9.217	4.93542	0.0449495	0.0223388	2.01217	2.0132
AAC	25	0	7.39385	10.3859	6.10434	0.0429293	0.0197876	2.1695	2.17079
AC	26	0	5.64762	7.28762	3.00604	0.0848485	0.0557323	1.52243	1.52283
CNA	27	0	4.66663	5.40177	1.12019	0.0873737	0.0620694	1.40768	1.40797
GNNA	28	0	3.44115	3.39301	-0	0.0757576	0.057722	1.31246	1.31266
TATA	29	0	4.11672	4.00306	-0	0.0141414	0.00663211	2.13226	2.13349
ANAA	30	0	4.41789	4.87194	0.590362	0.060101	0.0405237	1.48311	1.48347
AAA	31	0	5.8203	7.55185	3.27028	0.0717172	0.0446905	1.60475	1.60524
AA	32	0	7.57183	12.4561	8.17456	0.169697	0.115341	1.47126	1.47161
TTT	33	0	4.83727	5.61517	1.33359	0.0641414	0.0422688	1.51746	1.51786
TT	34	0	4.72113	5.63455	1.35297	0.145455	0.111995	1.29876	1.29896
TNGG	35	0	3.53582	3.32545	-0	0.0176768	0.00983519	1.7973	1.79802
TGGG	36	0	3.60387	3.14306	-0	0.00555556	0.00196704	2.82432	2.82693
GGNC	37	0	3.61597	3.33751	-0	0.0116162	0.00556885	2.08592	2.08706
GTGT	38	0	3.45751	3.03737	-0	0.00656566	0.002605	2.52041	2.52235
C	39	0	2.98476	2.82713	-0	0.224747	0.198017	1.13499	1.13507
AG	40	0	1.62848	1.30855	-0	0.0641414	0.0557449	1.15062	1.15071
G	41	0	1.0898	0.87986	-0	0.188889	0.17949	1.05236	1.05239
CC	1	0	-3.28267	3.50426	-0	0.0267677	0.0414773	0.645358	0.645242
TNC	2	0	-3.00743	2.97965	-0	0.050505	0.0674566	0.748704	0.748609
ANGC	3	0	-2.65795	2.59783	-0	0.00555556	0.0120813	0.459846	0.459721
ACT	4	0	-3.16643	3.47429	-0	0.00757576	0.0166926	0.45384	0.453715
C	5	0	-4.00811	4.63332	0.351736	0.162121	0.198017	0.818725	0.81865
AC	6	0	-2.87524	2.7875	-0	0.0409091	0.0557323	0.734028	0.733929
C	7	0	-3.55696	3.7973	-0	0.166162	0.198017	0.839129	0.839061
CAAA	8	0	-2.61796	2.59147	-0	0.0030303	0.00839979	0.360759	0.360643
ANAA	9	0	-2.19245	1.86328	-0	0.0308081	0.0405237	0.760249	0.760157
TNNC	10	0	-3.71513	4.25026	-0	0.0444444	0.0650319	0.683425	0.683316
GNC	11	0	-4.04306	5.17279	0.89121	0.0171717	0.0335276	0.512167	0.512041
TC	12	0	-4.50518	6.04166	1.76008	0.0373737	0.0617424	0.605317	0.605196
C	13	0	-6.15108	10.0042	5.7226	0.142929	0.198017	0.721804	0.721703
ANNC	14	0	-5.04995	7.5519	3.27032	0.0318182	0.0584397	0.544462	0.544337
TNC	15	0	-5.96432	10.3726	6.09103	0.0338384	0.0674566	0.501632	0.501505
C	16	0	-7.50454	14.6758	10.3943	0.130808	0.198017	0.660591	0.660478
C	17	0	-8.68882	17.7373	13.4557	0.120202	0.198017	0.60703	0.606909
C	18	0	-9.92949	22.8099	18.5283	0.109091	0.198017	0.550918	0.550793
C	19	0	-7.05339	13.0067	8.72509	0.134848	0.198017	0.680995	0.680886
C	20	0	-7.10978	13.2095	8.92794	0.134343	0.198017	0.678445	0.678335
AC	22	0	-3.75692	4.36795	0.0863698	0.0363636	0.0557323	0.652469	0.652355
ANNC	23	0	-3.70867	4.25929	-0	0.0388889	0.0584397	0.665454	0.665341
A	24	0	-5.33819	7.49234	3.21076	0.258081	0.313747	0.822576	0.822502
C	25	0	-3.55696	3.7973	-0	0.166162	0.198017	0.839129	0.839061
C	26	0	-4.68484	6.0739	1.79233	0.156061	0.198017	0.788118	0.788034
ANAA	27	0	-3.33216	3.59941	-0	0.0257576	0.0405237	0.635618	0.635501
CC	28	0	-3.39538	3.71412	-0	0.0262626	0.0414773	0.633181	0.633064
CNG	29	0	-3.48905	3.93115	-0	0.0207071	0.0351463	0.589167	0.589045
ANC	30	0	-3.2879	3.45879	-0	0.0434343	0.061137	0.710443	0.710339
GNNC	31	0	-3.3654	3.70395	-0	0.0191919	0.0326289	0.588187	0.588065
C	32	0	-4.51566	5.69235	1.41078	0.157576	0.198017	0.79577	0.795688
GC	33	0	-3.25622	3.46379	-0	0.0252525	0.0395076	0.639182	0.639065
C	34	0	-5.0232	6.88068	2.5991	0.15303	0.198017	0.772815	0.772726
CTC	35	0	-2.71104	2.69684	-0	0.00505051	0.0115644	0.43673	0.436606
AAA	36	0	-2.7721	2.64594	-0	0.0318182	0.0446905	0.711968	0.711864
CAA	37	0	-2.99143	3.06905	-0	0.0136364	0.0239057	0.570423	0.570299
TAA	38	0	-2.47783	2.25364	-0	0.0156566	0.0242165	0.646524	0.646409
TTG	39	0	-1.96187	1.60041	-0	0.0156566	0.0221445	0.707018	0.706913
GC	40	0	-0.948891	0.727419	-0	0.0353535	0.0395076	0.894855	0.894807
C	41	0	-1.07561	0.831762	-0	0.188384	0.198017	0.951353	0.95133
