#kmer	position	shift	statistics	p-value	corrected.p	frac.obs	frac.exp	obs/exp	local.r
TTTT	1	0	3.39925	3.21438	-0	0.0146739	0.00929634	1.57846	1.57871
CTG	2	0	3.76501	3.81622	-0	0.0298913	0.0209936	1.42383	1.42399
CCA	3	0	2.79139	2.50497	-0	0.0274457	0.0208682	1.31519	1.3153
CCCT	4	0	4.86196	5.1275	0.845923	0.0100543	0.00461957	2.17647	2.17717
CCT	5	0	3.4885	3.41106	-0	0.0279891	0.0199484	1.40307	1.40323
TG	6	0	3.02768	2.85197	-0	0.0804348	0.0678804	1.18495	1.18501
TGTG	7	0	3.36865	3.10335	-0	0.00869565	0.00484125	1.79616	1.79655
AANT	8	0	3.76539	3.81146	-0	0.0288043	0.0200944	1.43345	1.43362
AGT	9	0	3.04748	2.80304	-0	0.0209239	0.0148481	1.4092	1.40935
GNTT	10	0	3.29211	3.11912	-0	0.0217391	0.0151173	1.43803	1.4382
ANAA	11	0	3.77782	3.85745	-0	0.0350543	0.0252789	1.3867	1.38685
AGAT	12	0	4.71175	4.85751	0.57593	0.00896739	0.00404033	2.21947	2.2202
AAAG	13	0	4.81528	5.12177	0.840189	0.011413	0.00552775	2.06468	2.06528
ANA	14	0	3.87214	4.13447	-0	0.105163	0.0871586	1.20657	1.20664
AGAA	15	0	4.08825	4.09634	-0	0.0119565	0.00652889	1.83133	1.83174
ANNT	16	0	5.36509	6.94164	2.66007	0.0970109	0.0738773	1.31314	1.31325
ANNA	17	0	5.63207	7.53629	3.25471	0.10163	0.076895	1.32168	1.32179
ANA	18	0	6.85267	10.5663	6.28475	0.119022	0.0871586	1.36558	1.36571
TA	19	0	6.24223	8.82028	4.5387	0.0793478	0.0557405	1.42352	1.42369
A	20	0	8.8664	18.4228	14.1412	0.335326	0.270407	1.24008	1.24016
G	22	0	42.5217	300	295.718	0.49212	0.207748	2.36883	2.36971
TNNA	23	0	5.12764	6.43852	2.15694	0.0942935	0.0723899	1.30258	1.30269
AGG	24	0	4.07396	4.23844	-0	0.0236413	0.0153776	1.53738	1.53761
CGCG	25	0	3.70104	3.26197	-0	0.00326087	0.00117277	2.78049	2.78183
GTGG	26	0	3.22518	2.8896	-0	0.00625	0.00323227	1.93363	1.93412
CNNT	27	0	4.17214	4.60822	0.326637	0.0807065	0.0638873	1.26326	1.26335
CCTG	28	0	3.53821	3.32932	-0	0.00978261	0.00547769	1.7859	1.78628
ATNA	29	0	3.77186	3.79976	-0	0.025	0.0169694	1.47324	1.47343
AGTG	30	0	3.46046	3.18434	-0	0.00733696	0.00381865	1.92135	1.92183
TATG	31	0	4.33159	4.27487	-0	0.0076087	0.00343249	2.21667	2.2174
ANAT	32	0	3.63094	3.61954	-0	0.0296196	0.0210312	1.40836	1.40852
CACA	33	0	3.69623	3.61817	-0	0.0157609	0.00976831	1.61347	1.61374
ACAC	34	0	3.0068	2.71443	-0	0.0125	0.00806636	1.54965	1.54988
CANA	35	0	4.14081	4.43271	0.151136	0.0375	0.0265303	1.41348	1.41364
ANA	36	0	3.93058	4.23171	-0	0.105435	0.0871586	1.20969	1.20976
CACA	37	0	3.52862	3.39049	-0	0.0154891	0.00976831	1.58565	1.5859
ACAC	38	0	4.4811	4.72535	0.443771	0.0146739	0.00806636	1.81915	1.81955
TTT	39	0	3.40047	3.31501	-0	0.0366848	0.0275153	1.33325	1.33337
TT	40	0	2.43811	2.11986	-0	0.0934783	0.0824253	1.1341	1.13414
T	41	0	2.26394	1.93671	-0	0.291576	0.274914	1.06061	1.06063
CG	1	0	-4.66015	6.66201	2.38043	0.0122283	0.023981	0.509915	0.509847
CG	2	0	-4.22915	5.52647	1.24489	0.0133152	0.023981	0.555241	0.555174
GCG	3	0	-3.32704	4.07139	-0	0.0013587	0.00536511	0.253247	0.253195
CG	4	0	-5.73764	10.1989	5.91731	0.00951087	0.023981	0.396601	0.396536
CG	5	0	-4.7679	6.96906	2.68748	0.0119565	0.023981	0.498584	0.498516
CG	6	0	-4.5524	6.36444	2.08286	0.0125	0.023981	0.521246	0.521179
CG	7	0	-4.1214	5.26475	0.983168	0.013587	0.023981	0.566572	0.566505
CG	8	0	-4.87565	7.2858	3.00423	0.0116848	0.023981	0.487252	0.487184
CG	9	0	-4.22915	5.52647	1.24489	0.0133152	0.023981	0.555241	0.555174
CG	10	0	-4.5524	6.36444	2.08286	0.0125	0.023981	0.521246	0.521179
GNCG	11	0	-3.42931	4.31543	0.0338517	0.0013587	0.0055635	0.244216	0.244166
CG	12	0	-4.98339	7.61248	3.3309	0.011413	0.023981	0.475921	0.475853
CG	13	0	-4.66015	6.66201	2.38043	0.0122283	0.023981	0.509915	0.509847
CG	14	0	-6.06088	11.4844	7.20287	0.00869565	0.023981	0.362606	0.362543
C	15	0	-4.53783	5.64607	1.36449	0.214674	0.246931	0.869367	0.869336
CG	16	0	-5.41439	9.02342	4.74185	0.0103261	0.023981	0.430595	0.430528
C	17	0	-4.9201	6.50046	2.21888	0.211957	0.246931	0.858362	0.858329
C	18	0	-7.1755	12.9651	8.68356	0.195924	0.246931	0.793435	0.79339
CT	19	0	-6.74952	12.4714	8.18985	0.0475543	0.0772622	0.615493	0.615429
C	20	0	-6.10514	9.58829	5.30671	0.203533	0.246931	0.824248	0.824208
C	22	0	-17.3057	66.6713	62.3897	0.123913	0.246931	0.501812	0.501744
AC	23	0	-5.41279	8.24035	3.95878	0.0410326	0.0626562	0.654885	0.654823
CG	24	0	-5.62989	9.7953	5.51372	0.00978261	0.023981	0.407932	0.407866
CCG	25	0	-4.22586	6.51865	2.23707	0.0013587	0.00728122	0.186603	0.186562
CG	26	0	-6.38413	12.8905	8.60893	0.00788043	0.023981	0.328612	0.328552
CG	27	0	-4.22915	5.52647	1.24489	0.0133152	0.023981	0.555241	0.555174
CG	28	0	-4.44465	6.07612	1.79454	0.0127717	0.023981	0.532578	0.53251
CG	29	0	-4.22915	5.52647	1.24489	0.0133152	0.023981	0.555241	0.555174
CG	30	0	-5.62989	9.7953	5.51372	0.00978261	0.023981	0.407932	0.407866
CG	31	0	-4.1214	5.26475	0.983168	0.013587	0.023981	0.566572	0.566505
CNCG	32	0	-3.64056	4.61232	0.330744	0.00271739	0.00809497	0.335689	0.335628
CG	33	0	-4.5524	6.36444	2.08286	0.0125	0.023981	0.521246	0.521179
CG	34	0	-4.87565	7.2858	3.00423	0.0116848	0.023981	0.487252	0.487184
CG	35	0	-4.1214	5.26475	0.983168	0.013587	0.023981	0.566572	0.566505
CG	36	0	-4.44465	6.07612	1.79454	0.0127717	0.023981	0.532578	0.53251
CG	37	0	-4.01365	5.01151	0.729932	0.0138587	0.023981	0.577904	0.577837
CG	38	0	-4.98339	7.61248	3.3309	0.011413	0.023981	0.475921	0.475853
CG	39	0	-3.69041	4.30099	0.0194141	0.0146739	0.023981	0.611898	0.611833
CG	40	0	-4.5524	6.36444	2.08286	0.0125	0.023981	0.521246	0.521179
G	41	0	-1.48359	1.14837	-0	0.197826	0.207748	0.952241	0.952229
