#kmer	position	shift	statistics	p-value	corrected.p	frac.obs	frac.exp	obs/exp	local.r
ATAA	1	0	3.21955	2.79658	-0	0.00384615	0.00161943	2.375	2.37597
GNTG	2	0	3.84977	3.94064	-0	0.0319527	0.0221971	1.43949	1.43968
T	3	0	3.8852	4.22473	-0	0.221006	0.194552	1.13597	1.13602
CNTT	4	0	4.03466	4.10732	-0	0.0183432	0.0110791	1.65566	1.65598
GTGG	5	0	4.12083	4.05687	-0	0.00976331	0.00484273	2.01608	2.01668
TNG	6	0	4.90189	5.93244	1.65086	0.0810651	0.0609012	1.33109	1.33122
TNNC	7	0	4.14018	4.5247	0.243118	0.0707101	0.0545391	1.2965	1.29662
GNC	8	0	5.82438	8.00221	3.72063	0.118047	0.0894553	1.31962	1.31975
TNGA	9	0	4.66482	5.18757	0.905989	0.0266272	0.0164279	1.62085	1.62115
CNA	10	0	5.36849	6.91881	2.63723	0.0940828	0.0704521	1.33542	1.33555
GA	11	0	4.39032	5.00886	0.727277	0.0955621	0.0755991	1.26406	1.26416
A	12	0	5.68307	7.96139	3.67981	0.269822	0.228763	1.17948	1.17955
G	13	0	5.01061	6.48061	2.19903	0.336686	0.297294	1.1325	1.13255
C	14	0	5.08535	6.63141	2.34983	0.318639	0.279391	1.14048	1.14052
TNGT	15	0	4.42733	4.72354	0.44196	0.0204142	0.0120912	1.68835	1.68869
GNNC	16	0	7.13632	11.2101	6.9285	0.10858	0.0760433	1.42787	1.42805
GNCG	17	0	10.9066	27.271	22.9894	0.0618343	0.0298894	2.06877	2.06942
TNG	18	0	12.6697	36.3611	32.0795	0.113018	0.0609012	1.85575	1.85622
CG	19	0	20.5013	92.9792	88.6976	0.176923	0.0808136	2.18927	2.19004
G	20	0	20.6281	94.1143	89.8327	0.459467	0.297294	1.5455	1.54575
GG	22	0	24.5924	133.118	128.837	0.197041	0.0813831	2.42116	2.42218
GCA	23	0	15.5146	53.8599	49.5783	0.0612426	0.0220528	2.77709	2.77855
CANC	24	0	12.4991	35.4232	31.1417	0.0550296	0.0228823	2.4049	2.4059
ANCA	25	0	12.8154	37.1727	32.8911	0.0470414	0.0178527	2.63498	2.63625
ACA	26	0	8.91716	14.3111	10.0296	0.033432	0.0148688	2.24847	2.2493
CA	27	0	13.1014	38.7914	34.5098	0.129586	0.0715163	1.81198	1.81241
A	28	0	7.48487	12.9144	8.6328	0.28284	0.228763	1.23639	1.23648
TCTC	29	0	3.53343	3.27096	-0	0.00798817	0.00410308	1.94687	1.94741
GT	30	0	3.68671	3.78767	-0	0.0677515	0.0534837	1.26677	1.26687
TNT	31	0	3.85187	4.0158	-0	0.0529586	0.0399788	1.32467	1.3248
CTTG	32	0	4.13952	4.07172	-0	0.00946746	0.00463251	2.0437	2.04433
GCTT	33	0	4.3255	4.25333	-0	0.00798817	0.00355808	2.24508	2.2459
CTT	34	0	3.67845	3.61843	-0	0.0198225	0.0127295	1.55721	1.55747
TTNG	35	0	4.3844	4.64859	0.367007	0.0198225	0.0117097	1.69282	1.69317
TCCT	36	0	5.24793	5.50664	1.22506	0.00828402	0.00319215	2.59512	2.59635
GNNC	37	0	5.25447	6.69881	2.41723	0.1	0.0760433	1.31504	1.31516
GNC	38	0	4.31767	4.90145	0.619871	0.110651	0.0894553	1.23694	1.23703
TC	39	0	3.75988	3.91316	-0	0.0757396	0.0603402	1.25521	1.2553
C	40	0	5.00868	6.46305	2.18147	0.318047	0.279391	1.13836	1.13841
G	41	0	1.92476	1.57859	-0	0.312426	0.297294	1.0509	1.05092
GNCA	1	0	-3.21257	3.39447	-0	0.0147929	0.0230925	0.640593	0.640525
ANT	2	0	-3.05587	3.06849	-0	0.0286982	0.038856	0.738579	0.738522
GNNG	3	0	-3.74317	4.17804	-0	0.0813609	0.10074	0.807636	0.80759
AG	4	0	-3.25845	3.35261	-0	0.0571006	0.0715459	0.798098	0.79805
A	5	0	-4.39065	5.35166	1.07008	0.197041	0.228763	0.861334	0.861298
GANG	6	0	-3.72309	4.34729	0.0657111	0.0177515	0.0283868	0.625343	0.625274
ANG	7	0	-4.22615	5.20051	0.918934	0.0559172	0.0750721	0.744846	0.74479
AG	8	0	-3.99256	4.71632	0.434742	0.0538462	0.0715459	0.75261	0.752555
GNNG	9	0	-3.80032	4.28601	0.00443338	0.0810651	0.10074	0.804699	0.804652
ANGC	10	0	-4.00165	5.07524	0.793657	0.0106509	0.0203753	0.522736	0.522662
GGNA	11	0	-4.24368	5.70137	1.41979	0.00946746	0.0195811	0.483499	0.483425
CNA	12	0	-5.85622	9.55589	5.27432	0.0446746	0.0704521	0.634112	0.634044
CNNA	13	0	-5.36483	8.19672	3.91514	0.035503	0.0568748	0.62423	0.624161
A	14	0	-6.84765	11.9456	7.66407	0.17929	0.228763	0.783736	0.783686
GNNA	15	0	-3.99804	4.73601	0.454436	0.0508876	0.0682264	0.745863	0.745807
GNNA	16	0	-7.81834	14.5725	10.2909	0.0343195	0.0682264	0.503024	0.50295
TNNA	17	0	-8.9974	18.9372	14.6556	0.0139053	0.0464886	0.299112	0.29905
CNA	18	0	-9.68741	21.7682	17.4866	0.0278107	0.0704521	0.394745	0.394675
A	19	0	-13.5225	41.2397	36.9581	0.131065	0.228763	0.572929	0.572857
A	20	0	-17.3309	66.8615	62.5799	0.10355	0.228763	0.452653	0.45258
A	22	0	-9.26371	20.0056	15.724	0.161834	0.228763	0.707432	0.70737
AG	23	0	-6.66206	12.3096	8.02798	0.0420118	0.0715459	0.587201	0.58713
G	24	0	-8.31125	16.3247	12.0431	0.231953	0.297294	0.780213	0.780162
CNG	25	0	-6.1	10.2568	5.9752	0.0505917	0.0788727	0.641435	0.641367
CG	26	0	-5.68936	8.95096	4.66938	0.054142	0.0808136	0.669962	0.669896
G	27	0	-9.62838	21.518	17.2364	0.221598	0.297294	0.745382	0.745326
CNNA	28	0	-4.25082	5.31889	1.03731	0.0399408	0.0568748	0.702259	0.702197
CNNT	29	0	-4.14204	5.10317	0.821588	0.035503	0.0512068	0.693325	0.693262
CANG	30	0	-3.94332	4.89356	0.611978	0.0127219	0.0228589	0.55654	0.556466
ANG	31	0	-4.87891	6.73818	2.4566	0.0529586	0.0750721	0.705437	0.705375
GTC	32	0	-2.64895	2.49523	-0	0.0112426	0.0171598	0.655172	0.655106
GNGC	33	0	-3.04444	3.10303	-0	0.0147929	0.0225709	0.655398	0.655332
CCNA	34	0	-2.93316	2.94937	-0	0.010355	0.0168483	0.614603	0.614532
ANNA	35	0	-3.90557	4.57551	0.293928	0.0423077	0.0580115	0.729298	0.72924
CAAG	36	0	-3.479	4.33404	0.0524656	0.00207101	0.00709281	0.291987	0.291926
AA	37	0	-4.02593	4.85071	0.569136	0.0360947	0.0513831	0.702461	0.7024
A	38	0	-5.1687	7.12186	2.84028	0.19142	0.228763	0.836761	0.836721
CGA	39	0	-3.02694	3.06685	-0	0.0159763	0.0239342	0.667512	0.667446
GA	40	0	-4.26344	5.28037	0.998794	0.056213	0.0755991	0.743567	0.743511
A	41	0	-4.55445	5.70057	1.41899	0.195858	0.228763	0.85616	0.856124
