#kmer	position	shift	statistics	p-value	corrected.p	frac.obs	frac.exp	obs/exp	local.r
CG	1	0	10.7829	26.6836	22.402	0.139289	0.113246	1.22996	1.22998
GNCG	2	0	11.2454	28.9137	24.6322	0.0552974	0.0387553	1.42684	1.42687
T	3	0	14.4266	46.7542	42.4726	0.215497	0.17383	1.2397	1.23972
CG	4	0	11.2158	28.7684	24.4868	0.140335	0.113246	1.2392	1.23921
GNC	5	0	13.038	38.4294	34.1478	0.127265	0.0977549	1.30188	1.3019
T	6	0	15.3114	52.494	48.2124	0.218053	0.17383	1.2544	1.25442
CG	7	0	13.5728	41.537	37.2554	0.146027	0.113246	1.28946	1.28948
GNC	8	0	14.9627	50.1913	45.9097	0.131622	0.0977549	1.34645	1.34647
TNNA	9	0	16.4428	60.326	56.0445	0.063197	0.0389509	1.62248	1.62254
CNA	10	0	19.772	86.5858	82.3042	0.105019	0.0672719	1.56111	1.56116
CA	11	0	21.0293	97.7524	93.4709	0.116287	0.0742638	1.56587	1.56592
A	12	0	24.7576	134.891	130.61	0.271143	0.19621	1.3819	1.38193
GNT	13	0	12.6569	36.2903	32.0087	0.088987	0.0651764	1.36533	1.36535
CT	14	0	17.101	65.1369	60.8554	0.0735943	0.0462273	1.59201	1.59206
T	15	0	18.6298	77.0356	72.754	0.227637	0.17383	1.30954	1.30956
CNNG	16	0	23.8191	124.975	120.694	0.148873	0.0955155	1.55863	1.55868
CNGG	17	0	39.8455	300	295.718	0.0775441	0.0277037	2.79905	2.79934
TNG	18	0	38.2394	319.506	315.225	0.133655	0.0628992	2.12491	2.12504
GG	19	0	58.6305	300	295.718	0.203241	0.0811934	2.50317	2.50339
G	20	0	37.3665	305.166	300.884	0.454229	0.321247	1.41396	1.41399
AGT	22	0	38.0118	315.735	311.453	0.0327602	0.00760026	4.31041	4.31123
GT	23	0	39.8656	300	295.718	0.117042	0.0505068	2.31736	2.31753
GNNT	24	0	35.2397	271.607	267.326	0.108039	0.0496814	2.17464	2.17478
CNTC	25	0	37.1947	302.381	298.099	0.0561687	0.0182373	3.07988	3.08025
ATC	26	0	30.7605	207.355	203.073	0.0485014	0.0176401	2.74949	2.74977
TC	27	0	44.702	300	295.718	0.131447	0.0542664	2.42226	2.42246
CNNT	28	0	24.356	130.602	126.32	0.0935757	0.0522632	1.79047	1.79055
CTTG	29	0	35.9117	281.998	277.717	0.0229438	0.00454137	5.05217	5.05336
TTG	30	0	32.5234	231.605	227.323	0.0432737	0.0140746	3.0746	3.07497
TGCT	31	0	58.5793	300	295.718	0.0390335	0.00562971	6.93348	6.93587
GCT	32	0	27.9547	171.539	167.258	0.0507667	0.0205444	2.47107	2.47129
CTG	33	0	17.2255	66.0683	61.7867	0.0426928	0.0230093	1.85546	1.85555
TG	34	0	13.6132	41.7767	37.4951	0.0968866	0.0703532	1.37715	1.37718
GNC	35	0	14.0901	44.6608	40.3793	0.129647	0.0977549	1.32624	1.32627
TNNT	36	0	12.2139	33.8827	29.6011	0.0514057	0.0344325	1.49294	1.49298
CNNC	37	0	12.7912	37.0374	32.7558	0.136094	0.106075	1.283	1.28302
GNC	38	0	14.6804	48.366	44.0844	0.130983	0.0977549	1.33991	1.33994
TNG	39	0	14.2246	45.4915	41.2099	0.0892193	0.0628992	1.41845	1.41848
CG	40	0	13.7652	42.6852	38.4037	0.146492	0.113246	1.29357	1.29359
G	41	0	10.0118	23.1699	18.8883	0.356877	0.321247	1.11091	1.11092
A	1	0	-11.0532	27.9756	23.694	0.162756	0.19621	0.829497	0.829489
AG	2	0	-9.72154	21.9135	17.632	0.039382	0.0564867	0.69719	0.697178
CA	3	0	-11.6421	30.9001	26.6185	0.0509991	0.0742638	0.686729	0.686716
A	4	0	-14.3157	46.059	41.7774	0.152881	0.19621	0.779171	0.779161
AG	5	0	-11.1411	28.4027	24.1211	0.0368843	0.0564867	0.652973	0.65296
GNNG	6	0	-10.8583	27.0406	22.759	0.0900325	0.116591	0.772206	0.772196
A	7	0	-13.2602	39.7056	35.424	0.156076	0.19621	0.795453	0.795443
AG	8	0	-11.4712	30.0362	25.7546	0.0363034	0.0564867	0.64269	0.642677
GNNG	9	0	-14.8479	49.4449	45.1633	0.0802742	0.116591	0.688509	0.688496
GNCA	10	0	-10.0761	23.453	19.1714	0.0119656	0.0236301	0.506372	0.506357
TG	11	0	-11.688	31.1344	26.8528	0.047572	0.0703532	0.676189	0.676176
CA	12	0	-15.5952	54.4065	50.1249	0.0430994	0.0742638	0.580356	0.580342
A	13	0	-15.2753	52.2526	47.971	0.149977	0.19621	0.764369	0.764358
A	14	0	-18.8448	78.7904	74.5088	0.139173	0.19621	0.709306	0.709294
CNA	15	0	-13.5745	41.5472	37.2657	0.0413569	0.0672719	0.614772	0.614758
GNNA	16	0	-24.795	135.295	131.013	0.0159154	0.0612175	0.259982	0.25997
CNA	17	0	-25.8665	147.1	142.818	0.0178903	0.0672719	0.26594	0.265929
CA	18	0	-28.7045	180.776	176.494	0.0169029	0.0742638	0.227606	0.227596
A	19	0	-45.8852	300	295.718	0.0573304	0.19621	0.292189	0.292177
T	20	0	-37.9831	315.26	310.979	0.0641264	0.17383	0.368903	0.368889
C	22	0	-31.4582	216.79	212.508	0.197955	0.308713	0.641228	0.641214
A	23	0	-24.3143	130.16	125.878	0.122618	0.19621	0.624935	0.624921
C	24	0	-16.0327	57.4228	53.1412	0.252265	0.308713	0.817151	0.817143
GNG	25	0	-13.6951	42.265	37.9834	0.0592472	0.0889617	0.665986	0.665973
TG	26	0	-14.9363	50.0195	45.738	0.0412407	0.0703532	0.586196	0.586181
G	27	0	-23.6756	123.493	119.211	0.236989	0.321247	0.737716	0.737705
G	28	0	-18.3059	74.4302	70.1486	0.256099	0.321247	0.797203	0.797194
T	29	0	-18.0932	72.7438	68.4622	0.121573	0.17383	0.699378	0.699366
G	30	0	-16.1188	58.0265	53.7449	0.263882	0.321247	0.821432	0.821423
A	31	0	-15.5247	53.9282	49.6466	0.149222	0.19621	0.76052	0.76051
TG	32	0	-11.2112	28.7456	24.464	0.0485014	0.0703532	0.689399	0.689387
CA	33	0	-12.8629	37.439	33.1575	0.0485595	0.0742638	0.653878	0.653865
A	34	0	-12.8764	37.5146	33.233	0.157237	0.19621	0.801373	0.801364
AG	35	0	-9.98565	23.0552	18.7736	0.0389173	0.0564867	0.688964	0.688951
CA	36	0	-12.02	32.8553	28.5738	0.050244	0.0742638	0.676561	0.676548
A	37	0	-12.3582	34.6576	30.3761	0.158806	0.19621	0.809366	0.809357
T	38	0	-10.7727	26.6353	22.3537	0.142716	0.17383	0.821009	0.821001
CA	39	0	-10.5666	25.6721	21.3905	0.0531482	0.0742638	0.715668	0.715657
A	40	0	-13.5289	41.2771	36.9956	0.155263	0.19621	0.791308	0.791298
A	41	0	-10.8613	27.0549	22.7733	0.163336	0.19621	0.832457	0.832449
