#kmer	position	shift	statistics	p-value	corrected.p	frac.obs	frac.exp	obs/exp	local.r
T	1	0	10.2354	24.1622	19.8806	0.372621	0.357665	1.04182	1.04182
TTT	2	0	7.25081	12.3952	8.11358	0.0616171	0.056513	1.09032	1.09032
TT	3	0	6.04853	9.05016	4.76858	0.14868	0.14224	1.04528	1.04528
TTNT	4	0	10.9532	27.4941	23.2125	0.0571097	0.049843	1.14579	1.14579
TNT	5	0	11.0787	28.0992	23.8176	0.135901	0.124742	1.08946	1.08946
TTT	6	0	11.2643	29.0069	24.7253	0.0644424	0.056513	1.14031	1.14031
T	7	0	12.4869	35.3565	31.0749	0.375911	0.357665	1.05101	1.05101
TTT	8	0	8.80869	18.1985	13.917	0.0627138	0.056513	1.10972	1.10972
TNNA	9	0	28.0757	173.013	168.731	0.168095	0.138527	1.21344	1.21344
TNA	10	0	32.4814	231.011	226.729	0.177221	0.142597	1.24281	1.24281
TA	11	0	28.4735	177.904	173.622	0.148848	0.120581	1.23442	1.23442
A	12	0	50.6504	300	295.718	0.467045	0.391673	1.19243	1.19244
TTNT	13	0	14.3293	46.144	41.8624	0.0593494	0.049843	1.19073	1.19073
CTT	14	0	14.7214	48.6293	44.3477	0.0252323	0.0190909	1.3217	1.3217
TTNT	15	0	17.6213	69.0731	64.7915	0.0615335	0.049843	1.23455	1.23455
TNNT	16	0	27.1286	161.645	157.363	0.161543	0.133421	1.21077	1.21077
TTNG	17	0	38.4188	322.528	318.246	0.0345818	0.0187114	1.84817	1.84819
TNC	18	0	57.5385	300	295.718	0.080539	0.0444057	1.81371	1.81372
TG	19	0	59.1108	300	295.718	0.0863662	0.0478878	1.80351	1.80353
C	20	0	84.8291	300	295.718	0.205939	0.121462	1.6955	1.69552
TCNG	22	0	38.0128	315.751	311.47	0.0135595	0.00521375	2.60071	2.60075
C	23	0	49.7206	300	295.718	0.170976	0.121462	1.40765	1.40766
TAGC	24	0	29.5159	191.046	186.764	0.00887547	0.00353502	2.51072	2.51076
AG	25	0	32.075	225.308	221.027	0.0797584	0.0570743	1.39745	1.39745
G	26	0	40.8904	300	295.718	0.171013	0.129201	1.32362	1.32363
TT	27	0	17.3335	66.8811	62.5995	0.160697	0.14224	1.12976	1.12976
AA	28	0	13.7886	42.826	38.5444	0.182026	0.166372	1.09409	1.09409
ANT	29	0	10.6957	26.2732	21.9917	0.150855	0.139556	1.08096	1.08096
ANNA	30	0	12.2151	33.8891	29.6075	0.17237	0.158761	1.08572	1.08572
T	31	0	10.6869	26.2322	21.9506	0.373281	0.357665	1.04366	1.04366
AA	32	0	7.23166	12.4897	8.20807	0.174582	0.166372	1.04935	1.04935
A	33	0	11.9349	32.4097	28.1282	0.409433	0.391673	1.04534	1.04534
TTNT	34	0	5.15368	6.78916	2.50758	0.0532621	0.049843	1.0686	1.0686
GNNG	35	0	5.99241	8.71929	4.43771	0.0244517	0.0217849	1.12242	1.12242
ANG	36	0	5.87924	8.53051	4.24894	0.0566078	0.0526065	1.07606	1.07606
TC	37	0	6.94453	11.442	7.16039	0.0517472	0.0472551	1.09506	1.09506
C	38	0	6.84749	11.2795	6.99788	0.128281	0.121462	1.05614	1.05614
ANG	39	0	6.56201	10.3558	6.07422	0.0570725	0.0526065	1.08489	1.08489
AG	40	0	5.16186	6.81569	2.53411	0.0607249	0.0570743	1.06396	1.06396
G	41	0	7.66201	13.8406	9.55907	0.137035	0.129201	1.06064	1.06064
ANNA	1	0	-9.432	20.6964	16.4148	0.148253	0.158761	0.933811	0.93381
AT	2	0	-9.92101	22.773	18.4914	0.121664	0.131898	0.922408	0.922407
TNA	3	0	-9.68165	21.7437	17.4621	0.132277	0.142597	0.927626	0.927626
ANNA	4	0	-11.3923	29.6415	25.3599	0.146069	0.158761	0.920054	0.920054
ANNA	5	0	-10.5832	25.7487	21.4672	0.14697	0.158761	0.925733	0.925732
TNA	6	0	-8.20821	15.9546	11.673	0.133848	0.142597	0.938641	0.93864
A	7	0	-13.2592	39.7001	35.4185	0.371942	0.391673	0.949625	0.949624
A	8	0	-10.3926	24.8729	20.5913	0.376208	0.391673	0.960516	0.960515
ANNT	9	0	-14.0383	44.3429	40.0613	0.122612	0.137342	0.892743	0.892742
ANT	10	0	-15.1601	51.4882	47.2066	0.123541	0.139556	0.885242	0.885241
TTNA	11	0	-21.936	106.23	101.948	0.0418123	0.0573626	0.728912	0.72891
TNA	12	0	-28.723	181.007	176.726	0.11198	0.142597	0.785286	0.785284
ANNA	13	0	-15.655	54.8138	50.5322	0.14132	0.158761	0.890141	0.89014
A	14	0	-21.1597	98.9498	94.6682	0.360186	0.391673	0.919608	0.919608
TA	15	0	-17.3616	67.0935	62.812	0.103346	0.120581	0.857064	0.857063
ANNA	16	0	-37.8443	312.974	308.693	0.116599	0.158761	0.734428	0.734426
AANA	17	0	-37.5807	308.654	304.372	0.0384758	0.0671498	0.572985	0.572983
ANA	18	0	-54.7754	300	295.718	0.0906227	0.150297	0.602957	0.602954
AA	19	0	-73.1706	300	295.718	0.0832993	0.166372	0.500682	0.50068
A	20	0	-87.5301	300	295.718	0.261422	0.391673	0.667449	0.667447
A	22	0	-110.126	300	295.718	0.227797	0.391673	0.581601	0.581599
ATNT	23	0	-37.3565	305.003	300.722	0.0225186	0.046498	0.484292	0.484289
ANT	24	0	-19.075	80.6907	76.4091	0.119405	0.139556	0.855608	0.855606
AT	25	0	-23.3178	119.835	115.553	0.107844	0.131898	0.817632	0.817631
TA	26	0	-30.571	204.827	200.546	0.0902323	0.120581	0.748313	0.748311
TG	27	0	-15.6865	55.0291	50.7475	0.0376766	0.0478878	0.786768	0.786767
G	28	0	-21.7218	104.195	99.9135	0.106989	0.129201	0.828084	0.828082
TGA	29	0	-11.5538	30.452	26.1704	0.0154461	0.0204287	0.756098	0.756096
GAT	30	0	-10.0112	23.1672	18.8856	0.0159294	0.0202257	0.787582	0.78758
CAT	31	0	-7.8785	15.6536	11.372	0.014145	0.0172743	0.818844	0.818843
AT	32	0	-6.25424	9.80703	5.52546	0.125446	0.131898	0.951086	0.951085
TNAT	33	0	-7.50009	13.8754	9.59383	0.0449071	0.0498848	0.900215	0.900214
CAT	34	0	-8.27626	16.1969	11.9153	0.013987	0.0172743	0.809698	0.809696
ACAT	35	0	-6.49618	11.2948	7.01323	0.003671	0.00507875	0.722816	0.722814
CAT	36	0	-8.9782	18.8613	14.5797	0.0137082	0.0172743	0.793558	0.793556
AT	37	0	-9.83092	22.3827	18.1011	0.121757	0.131898	0.923113	0.923112
AT	38	0	-8.40745	16.6788	12.3972	0.123225	0.131898	0.934246	0.934245
GAT	39	0	-7.4991	14.1417	9.8601	0.0170074	0.0202257	0.840884	0.840882
AT	40	0	-10.4255	25.0232	20.7416	0.121143	0.131898	0.918462	0.918462
T	41	0	-8.17759	15.9546	11.673	0.345716	0.357665	0.966591	0.966591
