#kmer	position	shift	statistics	p-value	corrected.p	frac.obs	frac.exp	obs/exp	local.r
TTNT	1	0	4.56336	5.35906	1.07749	0.0596584	0.0486555	1.22614	1.22617
TTTT	2	0	7.08769	10.9515	6.66989	0.0438332	0.0302324	1.44987	1.44996
TTTT	3	0	8.72398	15.6536	11.372	0.0469731	0.0302324	1.55373	1.55384
TTT	4	0	10.6498	26.0585	21.7769	0.0894248	0.0608854	1.46874	1.46883
TT	5	0	9.37418	20.4577	16.1761	0.163276	0.128159	1.27401	1.27405
T	6	0	7.77045	14.1622	9.88062	0.350666	0.310377	1.12981	1.12982
TC	7	0	7.17761	11.5336	7.25203	0.0761115	0.0574008	1.32597	1.32602
C	8	0	6.42159	9.86066	5.57908	0.195303	0.168373	1.15994	1.15996
CNNA	9	0	8.56183	15.6536	11.372	0.0766139	0.0547799	1.39858	1.39865
C	10	0	7.05053	11.6328	7.35118	0.19794	0.168373	1.17561	1.17563
GAAA	11	0	7.88672	12.5457	8.26409	0.0253705	0.0147245	1.72301	1.72316
A	12	0	9.53021	21.1052	16.8236	0.386586	0.336133	1.1501	1.15012
AAAA	13	0	11.8849	32.1496	27.868	0.060412	0.0356992	1.69225	1.6924
AAAA	14	0	17.3212	66.7882	62.5066	0.0717157	0.0356992	2.00889	2.00914
AAA	15	0	17.1646	65.6116	61.3301	0.119694	0.0704629	1.69867	1.69882
AANC	16	0	22.0489	107.31	103.029	0.0527506	0.0190081	2.77517	2.77579
ANCG	17	0	32.4959	231.215	226.933	0.0482291	0.010722	4.49815	4.50013
TNG	18	0	37.1932	302.357	298.076	0.157749	0.0593009	2.66015	2.6607
CG	19	0	44.9858	300	295.718	0.130872	0.036423	3.5931	3.59427
G	20	0	52.1723	300	295.718	0.412208	0.185117	2.22674	2.22708
GGT	22	0	35.6785	278.37	274.088	0.0469731	0.00906872	5.17969	5.18241
TACT	23	0	37.9148	314.134	309.852	0.0276312	0.00329195	8.39357	8.40138
TNTA	24	0	39.959	300	295.718	0.0882944	0.0222471	3.9688	3.97028
ATAG	25	0	47.4388	300	295.718	0.0356694	0.0036423	9.7931	9.80393
TAG	26	0	69.8244	300	295.718	0.097463	0.0120573	8.08333	8.09053
AGTG	27	0	37.4686	306.826	302.544	0.0277568	0.00338119	8.20919	8.21663
G	28	0	37.3409	304.75	300.468	0.347651	0.185117	1.87801	1.87821
TG	29	0	19.7013	85.9785	81.697	0.111404	0.059269	1.87964	1.87984
G	30	0	12.4392	35.0968	30.8152	0.239261	0.185117	1.29249	1.29253
AAA	31	0	11.2967	29.1667	24.8852	0.102864	0.0704629	1.45983	1.45991
AA	32	0	14.0382	44.3417	40.0601	0.200578	0.145158	1.38179	1.38185
TTT	33	0	13.3681	40.3331	36.0515	0.0967094	0.0608854	1.58838	1.5885
TT	34	0	13.9003	43.5014	39.2198	0.180231	0.128159	1.40631	1.40638
TT	35	0	11.3858	29.609	25.3274	0.170811	0.128159	1.33281	1.33287
T	36	0	6.77729	11.0569	6.77531	0.345516	0.310377	1.11322	1.11323
TNNG	37	0	5.16806	6.58911	2.30753	0.0680733	0.0548824	1.24035	1.24039
C	38	0	5.8825	8.46058	4.179	0.193042	0.168373	1.14651	1.14654
GC	39	0	6.0714	8.47036	4.18879	0.045466	0.0332643	1.36681	1.36687
C	40	0	8.548	17.2033	12.9217	0.20422	0.168373	1.2129	1.21294
C	41	0	1.80938	1.46066	-0	0.175961	0.168373	1.04507	1.04507
TNTA	1	0	-4.94913	7.11044	2.82886	0.0140668	0.0222471	0.632298	0.632269
ATA	2	0	-4.00314	4.81162	0.530037	0.0163276	0.0230615	0.708002	0.707976
G	3	0	-4.55624	5.68458	1.403	0.165285	0.185117	0.892868	0.892856
GNNA	4	0	-4.70874	6.18724	1.90566	0.0506154	0.0634825	0.797313	0.797293
ANNA	5	0	-4.90953	6.5468	2.26522	0.0990957	0.116765	0.848675	0.848659
ANA	6	0	-6.19591	9.96325	5.68167	0.104245	0.127397	0.818271	0.818253
A	7	0	-8.45278	16.847	12.5655	0.291384	0.336133	0.866871	0.866856
A	8	0	-8.59513	17.381	13.0995	0.29063	0.336133	0.864629	0.864614
A	9	0	-7.0056	12.0828	7.8012	0.299045	0.336133	0.889664	0.889651
TTT	10	0	-6.17571	10.2236	5.94201	0.0443356	0.0608854	0.728182	0.728157
TT	11	0	-5.41127	7.77173	3.49015	0.107887	0.128159	0.841827	0.84181
T	12	0	-5.79475	8.57174	4.29017	0.280332	0.310377	0.903198	0.903187
ANNG	13	0	-7.56944	15.2556	10.974	0.0378046	0.0575629	0.656752	0.656724
ANG	14	0	-6.60717	11.7473	7.46567	0.0356694	0.052129	0.684253	0.684226
AG	15	0	-8.63065	17.5157	13.2341	0.0315247	0.0532404	0.592121	0.59209
TNNA	16	0	-13.5497	41.4002	37.1186	0.0551369	0.100867	0.546628	0.546597
ANNT	17	0	-17.0215	64.5461	60.2645	0.052625	0.113024	0.46561	0.465579
ANT	18	0	-17.8922	71.1686	66.887	0.0458428	0.108106	0.424052	0.424021
A	19	0	-28.9031	183.263	178.981	0.18312	0.336133	0.544783	0.544752
A	20	0	-28.9743	184.159	179.877	0.182743	0.336133	0.543663	0.543631
CA	22	0	-11.3022	29.1937	24.9121	0.0265009	0.0555011	0.477484	0.477452
GA	23	0	-12.8998	37.6463	33.3648	0.0330319	0.0698914	0.472618	0.472587
C	24	0	-12.5663	35.7914	31.5098	0.115674	0.168373	0.687013	0.686986
TG	25	0	-11.6708	31.0464	26.7649	0.0283848	0.059269	0.478915	0.478884
G	26	0	-15.146	51.3948	47.1132	0.119191	0.185117	0.643869	0.64384
G	27	0	-16.6464	61.7941	57.5125	0.11266	0.185117	0.608588	0.608559
A	28	0	-16.0208	57.3399	53.0583	0.251319	0.336133	0.747676	0.747652
AA	29	0	-11.6043	30.7081	26.4265	0.0993469	0.145158	0.684404	0.684377
A	30	0	-10.8015	26.7712	22.4897	0.27895	0.336133	0.829879	0.829862
TNG	31	0	-6.17575	10.2377	5.95609	0.042954	0.0593009	0.72434	0.724315
G	32	0	-7.12432	12.7551	8.47353	0.154107	0.185117	0.832484	0.832466
G	33	0	-7.3263	13.4467	9.16516	0.153228	0.185117	0.827735	0.827717
G	34	0	-6.60493	11.0695	6.7879	0.156368	0.185117	0.844696	0.84468
GNNA	35	0	-5.30625	7.68123	3.39966	0.0489827	0.0634825	0.771594	0.771572
ANA	36	0	-6.93539	12.3128	8.03124	0.101482	0.127397	0.796582	0.796562
AA	37	0	-6.70491	11.4896	7.20799	0.118689	0.145158	0.817651	0.817632
AA	38	0	-6.83217	11.9033	7.6217	0.118186	0.145158	0.81419	0.814171
AA	39	0	-5.68684	8.47215	4.19057	0.122708	0.145158	0.845338	0.845322
A	40	0	-6.43622	10.3401	6.05853	0.30206	0.336133	0.898631	0.89862
T	41	0	-3.34817	3.39693	-0	0.293017	0.310377	0.944068	0.944062
